9.999994039535522461e-01 3.214391763322055340e-04 1.031536376103758812e-03 -6.199880153872072697e-04 -3.207213594578206539e-04 9.999997019767761230e-01 -6.958282319828867912e-04 -3.061967343091964722e-02 -1.031759893521666527e-03 6.954969139769673347e-04 9.999992251396179199e-01 1.359873056411743164e+00
9.999992847442626953e-01 5.541393329622223973e-05 1.140997861512005329e-03 2.517493674531579018e-03 -5.275798685033805668e-05 9.999972581863403320e-01 -2.327461494132876396e-03 -5.979025363922119141e-02 -1.141123822890222073e-03 2.327399561181664467e-03 9.999966621398925781e-01 2.748437404632568359e+00
9.999980330467224121e-01 -9.620937635190784931e-05 1.943393377587199211e-03 3.054345492273569107e-03 1.040102579281665385e-04 9.999918937683105469e-01 -4.014097154140472412e-03 -9.231459349393844604e-02 -1.942991511896252632e-03 4.014291800558567047e-03 9.999901056289672852e-01 4.106220722198486328e+00
9.999997019767761230e-01 -5.164673784747719765e-04 3.384933806955814362e-04 2.283589914441108704e-03 5.176098784431815147e-04 9.999940991401672363e-01 -3.381691640242934227e-03 -1.277661472558975220e-01 -3.367448225617408752e-04 3.381865797564387321e-03 9.999942779541015625e-01 5.442729473114013672e+00
9.999970197677612305e-01 -2.003189147217199206e-04 -2.379844896495342255e-03 2.919168211519718170e-03 1.912588049890473485e-04 9.999927282333374023e-01 -3.806844819337129593e-03 -1.595771759748458862e-01 2.380590885877609253e-03 3.806378692388534546e-03 9.999899268150329590e-01 6.794451713562011719e+00
9.999974966049194336e-01 7.096070330590009689e-04 -2.045477740466594696e-03 -1.948738470673561096e-03 -7.156919455155730247e-04 9.999952912330627441e-01 -2.975793322548270226e-03 -1.932549178600311279e-01 2.043357351794838905e-03 2.977250143885612488e-03 9.999934434890747070e-01 8.166541099548339844e+00
9.999985694885253906e-01 2.398251672275364399e-04 -1.589690102264285088e-03 -5.699805915355682373e-03 -2.462409320287406445e-04 9.999918341636657715e-01 -4.037238657474517822e-03 -2.245747447013854980e-01 1.588709885254502296e-03 4.037624690681695938e-03 9.999905824661254883e-01 9.544454574584960938e+00
9.999979734420776367e-01 -4.435664450284093618e-04 -1.895841676741838455e-03 -8.279159665107727051e-03 4.361906612757593393e-04 9.999923706054687500e-01 -3.889530897140502930e-03 -2.575993537902832031e-01 1.897553447633981705e-03 3.888696664944291115e-03 9.999906420707702637e-01 1.092895603179931641e+01
9.999949932098388672e-01 9.121654438786208630e-04 -2.993667032569646835e-03 -1.018448732793331146e-02 -9.207263938151299953e-04 9.999955296516418457e-01 -2.859830390661954880e-03 -2.924267947673797607e-01 2.991046290844678879e-03 2.862572902813553810e-03 9.999914169311523438e-01 1.231625843048095703e+01
9.999940395355224609e-01 8.322792709805071354e-04 -3.307318314909934998e-03 -1.259167678654193878e-02 -8.406015112996101379e-04 9.999964833259582520e-01 -2.515985164791345596e-03 -3.236407637596130371e-01 3.305214224383234978e-03 2.518750727176666260e-03 9.999913573265075684e-01 1.365470886230468750e+01
9.999973177909851074e-01 1.571932458318769932e-03 -1.619859598577022552e-03 -1.905905641615390778e-02 -1.577685587108135223e-03 9.999924302101135254e-01 -3.557287622243165970e-03 -3.582654297351837158e-01 1.614256412722170353e-03 3.559833858162164688e-03 9.999923706054687500e-01 1.505081939697265625e+01
9.999985098838806152e-01 1.646195421926677227e-03 -1.804307103157043457e-04 -2.165493555366992950e-02 -1.647041179239749908e-03 9.999871253967285156e-01 -4.801761358976364136e-03 -3.947014808654785156e-01 1.725244801491498947e-04 4.802051465958356857e-03 9.999884963035583496e-01 1.642091560363769531e+01
9.999963641166687012e-01 2.602060092613101006e-03 -5.158297717571258545e-04 -2.300305105745792389e-02 -2.604296430945396423e-03 9.999870061874389648e-01 -4.386506974697113037e-03 -4.293372333049774170e-01 5.044100107625126839e-04 4.387834109365940094e-03 9.999902844429016113e-01 1.779217147827148438e+01
9.999953508377075195e-01 2.737090690061450005e-03 -1.240636920556426048e-03 -2.404150739312171936e-02 -2.744400175288319588e-03 9.999786615371704102e-01 -5.930135957896709442e-03 -4.629465937614440918e-01 1.224380219355225563e-03 5.933513399213552475e-03 9.999817013740539551e-01 1.916100502014160156e+01
9.999921321868896484e-01 3.909696824848651886e-03 4.114971961826086044e-04 -2.584722079336643219e-02 -3.907131031155586243e-03 9.999740123748779297e-01 -6.058908998966217041e-03 -4.990223050117492676e-01 -4.351740935817360878e-04 6.057253107428550720e-03 9.999816417694091797e-01 2.054471206665039062e+01
9.999903440475463867e-01 4.073256161063909531e-03 1.548128435388207436e-03 -2.464415691792964935e-02 -4.063231404870748520e-03 9.999710917472839355e-01 -6.423366256058216095e-03 -5.353246331214904785e-01 -1.574247144162654877e-03 6.417013239115476608e-03 9.999782443046569824e-01 2.192291641235351562e+01
9.999852180480957031e-01 4.915813915431499481e-03 2.244114410132169724e-03 -2.729359082877635956e-02 -4.903894383460283279e-03 9.999739527702331543e-01 -5.285902880132198334e-03 -5.746201276779174805e-01 -2.270040102303028107e-03 5.274819210171699524e-03 9.999836087226867676e-01 2.329271697998046875e+01
9.999795556068420410e-01 5.719532258808612823e-03 2.804185263812541962e-03 -2.254715003073215485e-02 -5.702454596757888794e-03 9.999653697013854980e-01 -6.060276646167039871e-03 -6.101288795471191406e-01 -2.838749904185533524e-03 6.044161505997180939e-03 9.999777674674987793e-01 2.466757774353027344e+01
9.999748468399047852e-01 6.619326304644346237e-03 2.479272661730647087e-03 -1.831969805061817169e-02 -6.601872853934764862e-03 9.999538064002990723e-01 -6.982452701777219772e-03 -6.472008824348449707e-01 -2.525377087295055389e-03 6.965908687561750412e-03 9.999726414680480957e-01 2.604157829284667969e+01
9.999815225601196289e-01 5.532986484467983246e-03 2.440620446577668190e-03 -1.875288411974906921e-02 -5.512933246791362762e-03 9.999516010284423828e-01 -8.147440850734710693e-03 -6.833958029747009277e-01 -2.485581673681735992e-03 8.133835159242153168e-03 9.999639391899108887e-01 2.742705345153808594e+01
9.999778270721435547e-01 6.011795252561569214e-03 2.781904768198728561e-03 -1.761529035866260529e-02 -5.990524310618638992e-03 9.999532103538513184e-01 -7.592038717120885849e-03 -7.227283120155334473e-01 -2.827415941283106804e-03 7.575204595923423767e-03 9.999673962593078613e-01 2.880337142944335938e+01
9.999812245368957520e-01 5.657109897583723068e-03 2.261756220832467079e-03 -1.375452429056167603e-02 -5.637640133500099182e-03 9.999477863311767578e-01 -8.523433469235897064e-03 -7.592852115631103516e-01 -2.309855306521058083e-03 8.510522544384002686e-03 9.999611973762512207e-01 3.014506149291992188e+01
9.999694228172302246e-01 6.058679427951574326e-03 4.900056868791580200e-03 -1.143540814518928528e-02 -6.012625526636838913e-03 9.999381303787231445e-01 -9.359187446534633636e-03 -7.997089624404907227e-01 -4.956457763910293579e-03 9.329439140856266022e-03 9.999442696571350098e-01 3.149461364746093750e+01
9.999564886093139648e-01 6.847356446087360382e-03 6.303826812654733658e-03 -6.543230265378952026e-03 -6.788466125726699829e-03 9.999335408210754395e-01 -9.316300041973590851e-03 -8.405429720878601074e-01 -6.367200054228305817e-03 9.273100644350051880e-03 9.999367594718933105e-01 3.288998794555664062e+01
9.999618530273437500e-01 5.919358227401971817e-03 6.393078714609146118e-03 -4.858188331127166748e-04 -5.857089068740606308e-03 9.999356269836425781e-01 -9.715215303003787994e-03 -8.841125965118408203e-01 -6.450175307691097260e-03 9.677398949861526489e-03 9.999324083328247070e-01 3.430343246459960938e+01
9.999704360961914062e-01 5.027598701417446136e-03 5.786743015050888062e-03 9.456515312194824219e-03 -4.958685953170061111e-03 9.999173283576965332e-01 -1.186202932149171829e-02 -9.274622797966003418e-01 -5.845901556313037872e-03 1.183298323303461075e-02 9.999129176139831543e-01 3.568155670166015625e+01
9.999631643295288086e-01 4.951206967234611511e-03 6.984388921409845352e-03 1.697435788810253143e-02 -4.858324769884347916e-03 9.999003410339355469e-01 -1.325326040387153625e-02 -9.737232327461242676e-01 -7.049312349408864975e-03 1.321883872151374817e-02 9.998878240585327148e-01 3.704156494140625000e+01
9.999548196792602539e-01 5.867193918675184250e-03 7.459175307303667068e-03 2.422099187970161438e-02 -5.760298576205968857e-03 9.998815059661865234e-01 -1.427221205085515976e-02 -1.024476528167724609e+00 -7.542029954493045807e-03 1.422859728336334229e-02 9.998703598976135254e-01 3.849343490600585938e+01
9.999369382858276367e-01 6.830395665019750595e-03 8.901680819690227509e-03 3.730376809835433960e-02 -6.708208937197923660e-03 9.998837709426879883e-01 -1.368454564362764359e-02 -1.071973204612731934e+00 -8.994118310511112213e-03 1.362396404147148132e-02 9.998667836189270020e-01 3.988838958740234375e+01
9.999390244483947754e-01 5.677569657564163208e-03 9.463251568377017975e-03 4.848571121692657471e-02 -5.531960166990756989e-03 9.998669028282165527e-01 -1.534260809421539307e-02 -1.118355154991149902e+00 -9.549102745950222015e-03 1.528931781649589539e-02 9.998375177383422852e-01 4.129108047485351562e+01
9.999225735664367676e-01 7.677050773054361343e-03 9.785735048353672028e-03 6.209281086921691895e-02 -7.532886229455471039e-03 9.998637437820434570e-01 -1.468474417924880981e-02 -1.167683005332946777e+00 -9.897138923406600952e-03 1.460988912731409073e-02 9.998442530632019043e-01 4.268643569946289062e+01
9.999213218688964844e-01 7.077602669596672058e-03 1.034764479845762253e-02 6.971381604671478271e-02 -6.923834793269634247e-03 9.998661279678344727e-01 -1.482114661484956741e-02 -1.218493819236755371e+00 -1.045115943998098373e-02 1.474833302199840546e-02 9.998365640640258789e-01 4.410060882568359375e+01
9.999018907546997070e-01 8.131312206387519836e-03 1.139582134783267975e-02 8.265526592731475830e-02 -7.969334721565246582e-03 9.998675584793090820e-01 -1.418771781027317047e-02 -1.266015052795410156e+00 -1.150967925786972046e-02 1.409550663083791733e-02 9.998343586921691895e-01 4.550060272216796875e+01
9.998596310615539551e-01 9.994536638259887695e-03 1.343925669789314270e-02 9.733397513628005981e-02 -9.806743822991847992e-03 9.998542666435241699e-01 -1.396746374666690826e-02 -1.316053390502929688e+00 -1.357690058648586273e-02 1.383370440453290939e-02 9.998121261596679688e-01 4.691238784790039062e+01
9.998379349708557129e-01 1.118289679288864136e-02 1.410370133817195892e-02 1.149109452962875366e-01 -1.097254175692796707e-02 9.998286366462707520e-01 -1.490504946559667587e-02 -1.363353848457336426e+00 -1.426796987652778625e-02 1.474787667393684387e-02 9.997894167900085449e-01 4.830637741088867188e+01
9.998159408569335938e-01 1.184424106031656265e-02 1.508739870041608810e-02 1.343608796596527100e-01 -1.161200646311044693e-02 9.998140931129455566e-01 -1.538832765072584152e-02 -1.414928555488586426e+00 -1.526686083525419235e-02 1.521029695868492126e-02 9.997677206993103027e-01 4.971541213989257812e+01
9.997919797897338867e-01 1.268868986517190933e-02 1.596245355904102325e-02 1.530543714761734009e-01 -1.244166400283575058e-02 9.998027086257934570e-01 -1.548067200928926468e-02 -1.463772773742675781e+00 -1.615573838353157043e-02 1.527884788811206818e-02 9.997527599334716797e-01 5.110054016113281250e+01
9.997770786285400391e-01 1.344741880893707275e-02 1.627282798290252686e-02 1.760437637567520142e-01 -1.319518312811851501e-02 9.997926354408264160e-01 -1.550973765552043915e-02 -1.515143752098083496e+00 -1.647802442312240601e-02 1.529155205935239792e-02 9.997472763061523438e-01 5.255426025390625000e+01
9.997122883796691895e-01 1.466272678226232529e-02 1.897775009274482727e-02 1.998396962881088257e-01 -1.435439195483922958e-02 9.997643828392028809e-01 -1.628269255161285400e-02 -1.566058754920959473e+00 -1.921202987432479858e-02 1.600558683276176453e-02 9.996873140335083008e-01 5.393078994750976562e+01
9.996917843818664551e-01 1.408679410815238953e-02 2.043857052922248840e-02 2.240940928459167480e-01 -1.377590745687484741e-02 9.997884035110473633e-01 -1.527268905192613602e-02 -1.618074178695678711e+00 -2.064939588308334351e-02 1.498641446232795715e-02 9.996744990348815918e-01 5.533094787597656250e+01
9.996576309204101562e-01 1.438615191727876663e-02 2.185288630425930023e-02 2.505428791046142578e-01 -1.404772419482469559e-02 9.997801780700683594e-01 -1.556200627237558365e-02 -1.668708205223083496e+00 -2.207196503877639771e-02 1.524968817830085754e-02 9.996401667594909668e-01 5.677023315429687500e+01
9.996188282966613770e-01 1.396188884973526001e-02 2.381451241672039032e-02 2.798395752906799316e-01 -1.357681863009929657e-02 9.997756481170654297e-01 -1.625531539320945740e-02 -1.720126152038574219e+00 -2.403612807393074036e-02 1.592578738927841187e-02 9.995843172073364258e-01 5.817797088623046875e+01
9.995804429054260254e-01 1.471586804836988449e-02 2.494472637772560120e-02 3.108415901660919189e-01 -1.431525312364101410e-02 9.997668862342834473e-01 -1.616324484348297119e-02 -1.775192141532897949e+00 -2.517676912248134613e-02 1.579936593770980835e-02 9.995582103729248047e-01 5.961452865600585938e+01
9.995517134666442871e-01 1.556611619889736176e-02 2.557231299579143524e-02 3.444284200668334961e-01 -1.515543460845947266e-02 9.997543096542358398e-01 -1.617568731307983398e-02 -1.826017856597900391e+00 -2.581782266497612000e-02 1.578086987137794495e-02 9.995421767234802246e-01 6.104362487792968750e+01
9.994869828224182129e-01 1.697298325598239899e-02 2.715819515287876129e-02 3.776808381080627441e-01 -1.653110049664974213e-02 9.997286200523376465e-01 -1.641334779560565948e-02 -1.878073573112487793e+00 -2.742940932512283325e-02 1.595596410334110260e-02 9.994964599609375000e-01 6.247510528564453125e+01
9.995011091232299805e-01 1.706363819539546967e-02 2.657539397478103638e-02 4.117590188980102539e-01 -1.663955673575401306e-02 9.997319579124450684e-01 -1.609792746603488922e-02 -1.928529500961303711e+00 -2.684296108782291412e-02 1.564768515527248383e-02 9.995172619819641113e-01 6.389884567260742188e+01
9.994006752967834473e-01 1.689850166440010071e-02 3.020822815597057343e-02 4.487082064151763916e-01 -1.639562472701072693e-02 9.997241497039794922e-01 -1.681794971227645874e-02 -1.981460094451904297e+00 -3.048409335315227509e-02 1.631258055567741394e-02 9.994022250175476074e-01 6.532263183593750000e+01
9.993820190429687500e-01 1.532157976180315018e-02 3.163278847932815552e-02 4.913452863693237305e-01 -1.475871820002794266e-02 9.997299313545227051e-01 -1.795110106468200684e-02 -2.035322189331054688e+00 -3.189928457140922546e-02 1.747314259409904480e-02 9.993384480476379395e-01 6.670066070556640625e+01
9.993059635162353516e-01 1.584382168948650360e-02 3.370906785130500793e-02 5.358393788337707520e-01 -1.523219980299472809e-02 9.997160434722900391e-01 -1.832423731684684753e-02 -2.087363958358764648e+00 -3.398982062935829163e-02 1.779805123805999756e-02 9.992638230323791504e-01 6.806204223632812500e+01
9.992743134498596191e-01 1.629399321973323822e-02 3.442596271634101868e-02 5.868334174156188965e-01 -1.560360565781593323e-02 9.996736049652099609e-01 -2.022862993180751801e-02 -2.143883466720581055e+00 -3.474432975053787231e-02 1.967677474021911621e-02 9.992026090621948242e-01 6.947737121582031250e+01
9.992256760597229004e-01 1.595804840326309204e-02 3.596041351556777954e-02 6.364877820014953613e-01 -1.522596459835767746e-02 9.996730685234069824e-01 -2.054070122539997101e-02 -2.201578378677368164e+00 -3.627644479274749756e-02 1.997726038098335266e-02 9.991421699523925781e-01 7.084417724609375000e+01
9.992686510086059570e-01 1.566195860505104065e-02 3.487884998321533203e-02 6.874874234199523926e-01 -1.496721338480710983e-02 9.996861219406127930e-01 -2.009153366088867188e-02 -2.257465600967407227e+00 -3.518257290124893188e-02 1.955479942262172699e-02 9.991896152496337891e-01 7.220121765136718750e+01
9.992429614067077637e-01 1.624252833425998688e-02 3.534816205501556396e-02 7.367055416107177734e-01 -1.547646522521972656e-02 9.996416568756103516e-01 -2.183861471712589264e-02 -2.313334941864013672e+00 -3.569021075963973999e-02 2.127501368522644043e-02 9.991365075111389160e-01 7.355884552001953125e+01
9.993162155151367188e-01 1.628495194017887115e-02 3.319114446640014648e-02 7.825778722763061523e-01 -1.557386759668588638e-02 9.996460080146789551e-01 -2.157091535627841949e-02 -2.371167659759521484e+00 -3.353067860007286072e-02 2.103924937546253204e-02 9.992162585258483887e-01 7.489855194091796875e+01
9.993859529495239258e-01 1.687984541058540344e-02 3.070174157619476318e-02 8.268730044364929199e-01 -1.621074788272380829e-02 9.996284842491149902e-01 -2.191320806741714478e-02 -2.428499937057495117e+00 -3.106022626161575317e-02 2.140205167233943939e-02 9.992883801460266113e-01 7.626088714599609375e+01
9.993730783462524414e-01 1.780019886791706085e-02 3.059984184801578522e-02 8.653337955474853516e-01 -1.713677309453487396e-02 9.996153712272644043e-01 -2.180780470371246338e-02 -2.487296342849731445e+00 -3.097625263035297394e-02 2.126974798738956451e-02 9.992938041687011719e-01 7.762400054931640625e+01
9.993686079978942871e-01 1.816089451313018799e-02 3.053377196192741394e-02 9.039979577064514160e-01 -1.750232651829719543e-02 9.996113777160644531e-01 -2.169910445809364319e-02 -2.547362089157104492e+00 -3.091597929596900940e-02 2.115098945796489716e-02 9.992982149124145508e-01 7.899217224121093750e+01
9.993918538093566895e-01 1.848498545587062836e-02 2.956400997936725616e-02 9.445075392723083496e-01 -1.782137341797351837e-02 9.995868206024169922e-01 -2.255470119416713715e-02 -2.603815078735351562e+00 -2.996871620416641235e-02 2.201411128044128418e-02 9.993084073066711426e-01 8.034926605224609375e+01
9.993571043014526367e-01 1.930762454867362976e-02 3.020584583282470703e-02 9.864336252212524414e-01 -1.859084330499172211e-02 9.995431303977966309e-01 -2.383336983621120453e-02 -2.665843486785888672e+00 -3.065220825374126434e-02 2.325649373233318329e-02 9.992595314979553223e-01 8.172889709472656250e+01
9.993481040000915527e-01 1.991695724427700043e-02 3.010845743119716644e-02 1.028666853904724121e+00 -1.914272084832191467e-02 9.994841814041137695e-01 -2.578804269433021545e-02 -2.729526996612548828e+00 -3.060654178261756897e-02 2.519487030804157257e-02 9.992139339447021484e-01 8.311320495605468750e+01
9.993555545806884766e-01 1.981691271066665649e-02 2.992837317287921906e-02 1.070096373558044434e+00 -1.906403154134750366e-02 9.994997978210449219e-01 -2.523530460894107819e-02 -2.793832063674926758e+00 -3.041348420083522797e-02 2.464848197996616364e-02 9.992334246635437012e-01 8.449301910400390625e+01
9.992938041687011719e-01 2.045445144176483154e-02 3.151814267039299011e-02 1.112428784370422363e+00 -1.964946836233139038e-02 9.994781613349914551e-01 -2.564175799489021301e-02 -2.859527587890625000e+00 -3.202617540955543518e-02 2.500433474779129028e-02 9.991741776466369629e-01 8.586740112304687500e+01
9.993491768836975098e-01 1.954659447073936462e-02 3.031557984650135040e-02 1.154184579849243164e+00 -1.876176893711090088e-02 9.994869828224182129e-01 -2.596029452979564667e-02 -2.922614097595214844e+00 -3.080745786428451538e-02 2.537462674081325531e-02 9.992031455039978027e-01 8.723832702636718750e+01
9.993636012077331543e-01 1.956013217568397522e-02 2.982801385223865509e-02 1.195098280906677246e+00 -1.881808601319789886e-02 9.995114207267761230e-01 -2.495841681957244873e-02 -2.987715959548950195e+00 -3.030162677168846130e-02 2.438122965395450592e-02 9.992433786392211914e-01 8.857892608642578125e+01
9.993668198585510254e-01 2.044829912483692169e-02 2.911493182182312012e-02 1.235937237739562988e+00 -1.968443393707275391e-02 9.994606971740722656e-01 -2.628537453711032867e-02 -3.049637317657470703e+00 -2.963671833276748657e-02 2.569562569260597229e-02 9.992303848266601562e-01 8.993292236328125000e+01
9.994289875030517578e-01 2.049404010176658630e-02 2.686321362853050232e-02 1.274537205696105957e+00 -1.981454528868198395e-02 9.994830489158630371e-01 -2.532124519348144531e-02 -3.112762451171875000e+00 -2.736825868487358093e-02 2.477450668811798096e-02 9.993183612823486328e-01 9.126290893554687500e+01
9.994144439697265625e-01 1.977802813053131104e-02 2.792079187929630280e-02 1.313416719436645508e+00 -1.903243549168109894e-02 9.994617700576782227e-01 -2.672150917351245880e-02 -3.174482822418212891e+00 -2.843425981700420380e-02 2.617446146905422211e-02 9.992529153823852539e-01 9.262876129150390625e+01
9.994641542434692383e-01 2.010471746325492859e-02 2.582825534045696259e-02 1.345947623252868652e+00 -1.941535435616970062e-02 9.994558095932006836e-01 -2.666915394365787506e-02 -3.237739086151123047e+00 -2.635037153959274292e-02 2.615340054035186768e-02 9.993105530738830566e-01 9.397910308837890625e+01
9.994422197341918945e-01 2.075772173702716827e-02 2.615732885897159576e-02 1.382079601287841797e+00 -2.007248066365718842e-02 9.994553923606872559e-01 -2.619246765971183777e-02 -3.301834821701049805e+00 -2.668677456676959991e-02 2.565281838178634644e-02 9.993146061897277832e-01 9.532369995117187500e+01
9.993926286697387695e-01 2.106008306145668030e-02 2.776230312883853912e-02 1.417506217956542969e+00 -2.029779180884361267e-02 9.994168877601623535e-01 -2.745913900434970856e-02 -3.367800474166870117e+00 -2.832439728081226349e-02 2.687894739210605621e-02 9.992372989654541016e-01 9.668740844726562500e+01
9.993709921836853027e-01 2.155770547688007355e-02 2.815589867532253265e-02 1.449423313140869141e+00 -2.080404385924339294e-02 9.994245767593383789e-01 -2.679128572344779968e-02 -3.436195135116577148e+00 -2.871724590659141541e-02 2.618867717683315277e-02 9.992443919181823730e-01 9.806449890136718750e+01
9.992994666099548340e-01 2.154409326612949371e-02 3.059910237789154053e-02 1.487107753753662109e+00 -2.067398093640804291e-02 9.993808269500732422e-01 -2.847278118133544922e-02 -3.502641677856445312e+00 -3.119356557726860046e-02 2.782022953033447266e-02 9.991260766983032227e-01 9.942784118652343750e+01
9.992896914482116699e-01 2.195509336888790131e-02 3.062596917152404785e-02 1.525894403457641602e+00 -2.108168601989746094e-02 9.993699789047241211e-01 -2.855531498789787292e-02 -3.572176218032836914e+00 -3.123359754681587219e-02 2.788938581943511963e-02 9.991229176521301270e-01 1.007926712036132812e+02
9.992577433586120605e-01 2.304925583302974701e-02 3.086343407630920410e-02 1.568213701248168945e+00 -2.211957983672618866e-02 9.993012547492980957e-01 -3.013185411691665649e-02 -3.641977310180664062e+00 -3.153637424111366272e-02 2.942680194973945618e-02 9.990693330764770508e-01 1.021600875854492188e+02
9.993084669113159180e-01 2.211680263280868530e-02 2.988951094448566437e-02 1.607960104942321777e+00 -2.121069654822349548e-02 9.993158578872680664e-01 -3.029920719563961029e-02 -3.712929010391235352e+00 -3.053917549550533295e-02 2.964427322149276733e-02 9.990938901901245117e-01 1.035378723144531250e+02
9.993333816528320312e-01 2.135254256427288055e-02 2.961193770170211792e-02 1.645867347717285156e+00 -2.046915329992771149e-02 9.993456602096557617e-01 -2.982081100344657898e-02 -3.782557487487792969e+00 -3.022930584847927094e-02 2.919479645788669586e-02 9.991165399551391602e-01 1.049166946411132812e+02
9.993360042572021484e-01 2.123694494366645813e-02 2.960666827857494354e-02 1.686933398246765137e+00 -2.031730487942695618e-02 9.993121623992919922e-01 -3.102378360927104950e-02 -3.851067543029785156e+00 -3.024514764547348022e-02 3.040165081620216370e-02 9.990800619125366211e-01 1.062972564697265625e+02
9.993296265602111816e-01 2.120459452271461487e-02 2.984315156936645508e-02 1.727482557296752930e+00 -2.023795992136001587e-02 9.992724657058715820e-01 -3.232773020863533020e-02 -3.923281669616699219e+00 -3.050692752003669739e-02 3.170209005475044250e-02 9.990316629409790039e-01 1.076890716552734375e+02
9.992569684982299805e-01 2.145418711006641388e-02 3.201805427670478821e-02 1.765285968780517578e+00 -2.034944854676723480e-02 9.991996884346008301e-01 -3.443909063935279846e-02 -3.995604038238525391e+00 -3.273128345608711243e-02 3.376194834709167480e-02 9.988937973976135254e-01 1.090358352661132812e+02
9.992690682411193848e-01 2.204928360879421234e-02 3.122596256434917450e-02 1.807656526565551758e+00 -2.099886909127235413e-02 9.992156028747558594e-01 -3.357630223035812378e-02 -4.071096420288085938e+00 -3.194179385900497437e-02 3.289604932069778442e-02 9.989482164382934570e-01 1.104170227050781250e+02
9.992185831069946289e-01 2.202331833541393280e-02 3.281945735216140747e-02 1.851563811302185059e+00 -2.088903076946735382e-02 9.991859793663024902e-01 -3.451208770275115967e-02 -4.146104335784912109e+00 -3.355280682444572449e-02 3.379955142736434937e-02 9.988652467727661133e-01 1.117643585205078125e+02
9.992401003837585449e-01 2.105176635086536407e-02 3.280258551239967346e-02 1.896637082099914551e+00 -1.990471594035625458e-02 9.991922378540039062e-01 -3.491052985191345215e-02 -4.220777511596679688e+00 -3.351101279258728027e-02 3.423107415437698364e-02 9.988519549369812012e-01 1.131267013549804688e+02
9.992531538009643555e-01 2.132149226963520050e-02 3.222649544477462769e-02 1.938596248626708984e+00 -2.017048560082912445e-02 9.991616010665893555e-01 -3.562838956713676453e-02 -4.298919200897216797e+00 -3.295912221074104309e-02 3.495175018906593323e-02 9.988453388214111328e-01 1.145053863525390625e+02
9.992289543151855469e-01 2.196824923157691956e-02 3.254191949963569641e-02 1.982145786285400391e+00 -2.074549160897731781e-02 9.990833401679992676e-01 -3.744701668620109558e-02 -4.376778602600097656e+00 -3.333472833037376404e-02 3.674304112792015076e-02 9.987685680389404297e-01 1.158574371337890625e+02
9.992102384567260742e-01 2.269510366022586823e-02 3.261730447411537170e-02 2.026602983474731445e+00 -2.143165841698646545e-02 9.990258812904357910e-01 -3.857605159282684326e-02 -4.458697319030761719e+00 -3.346101194620132446e-02 3.784653544425964355e-02 9.987231492996215820e-01 1.172245330810546875e+02
9.991842508316040039e-01 2.422697469592094421e-02 3.230930864810943604e-02 2.069659471511840820e+00 -2.299351245164871216e-02 9.990125894546508789e-01 -3.801636025309562683e-02 -4.540555000305175781e+00 -3.319842368364334106e-02 3.724243491888046265e-02 9.987546205520629883e-01 1.186102828979492188e+02
9.991931319236755371e-01 2.393968589603900909e-02 3.224861621856689453e-02 2.110461235046386719e+00 -2.269894070923328400e-02 9.990083575248718262e-01 -3.830562159419059753e-02 -4.623263835906982422e+00 -3.313365578651428223e-02 3.754269704222679138e-02 9.987455010414123535e-01 1.199874877929687500e+02
9.992062449455261230e-01 2.406037971377372742e-02 3.174969926476478577e-02 2.151889324188232422e+00 -2.281811088323593140e-02 9.989817142486572266e-01 -3.892517089843750000e-02 -4.706136226654052734e+00 -3.265391662716865540e-02 3.816979750990867615e-02 9.987375736236572266e-01 1.213655166625976562e+02
9.992347359657287598e-01 2.302995510399341583e-02 3.161566704511642456e-02 2.196181297302246094e+00 -2.175054699182510376e-02 9.989538192749023438e-01 -4.023131728172302246e-02 -4.787240028381347656e+00 -3.250910714268684387e-02 3.951286152005195618e-02 9.986900687217712402e-01 1.227238845825195312e+02
9.992274045944213867e-01 2.299195714294910431e-02 3.187470138072967529e-02 2.237937927246093750e+00 -2.172105200588703156e-02 9.989773035049438477e-01 -3.966005146503448486e-02 -4.871865272521972656e+00 -3.275395557284355164e-02 3.893704339861869812e-02 9.987047314643859863e-01 1.240756072998046875e+02
9.992019534111022949e-01 2.197862975299358368e-02 3.335344791412353516e-02 2.278560638427734375e+00 -2.064702287316322327e-02 9.989961981773376465e-01 -3.975610435009002686e-02 -4.956927776336669922e+00 -3.419374674558639526e-02 3.903571143746376038e-02 9.986526370048522949e-01 1.254470520019531250e+02
9.992223978042602539e-01 2.123442292213439941e-02 3.322152793407440186e-02 2.320523500442504883e+00 -1.989259757101535797e-02 9.989932179450988770e-01 -4.021183773875236511e-02 -5.037172794342041016e+00 -3.404195234179496765e-02 3.951968997716903687e-02 9.986388087272644043e-01 1.267893829345703125e+02
9.992347359657287598e-01 2.136293426156044006e-02 3.276485949754714966e-02 2.368160009384155273e+00 -2.005144394934177399e-02 9.990047216415405273e-01 -3.984619304537773132e-02 -5.121535301208496094e+00 -3.358347713947296143e-02 3.915870189666748047e-02 9.986685514450073242e-01 1.281371154785156250e+02
9.992582201957702637e-01 2.138826809823513031e-02 3.202339261770248413e-02 2.411972284317016602e+00 -2.005457691848278046e-02 9.989413022994995117e-01 -4.140421748161315918e-02 -5.204408168792724609e+00 -3.287504985928535461e-02 4.073127359151840210e-02 9.986292123794555664e-01 1.294866790771484375e+02
9.992278814315795898e-01 2.111426740884780884e-02 3.313161060214042664e-02 2.453656196594238281e+00 -1.976211741566658020e-02 9.989793300628662109e-01 -4.062095656991004944e-02 -5.294532775878906250e+00 -3.395546972751617432e-02 3.993482515215873718e-02 9.986252784729003906e-01 1.308811492919921875e+02
9.992012977600097656e-01 2.145758084952831268e-02 3.370643034577369690e-02 2.497357368469238281e+00 -2.005609497427940369e-02 9.989422559738159180e-01 -4.138042405247688293e-02 -5.378183841705322266e+00 -3.455869480967521667e-02 4.067133367061614990e-02 9.985748529434204102e-01 1.322425079345703125e+02
9.992005825042724609e-01 2.010959014296531677e-02 3.454805165529251099e-02 2.543494462966918945e+00 -1.860340684652328491e-02 9.988855719566345215e-01 -4.337796196341514587e-02 -5.464908599853515625e+00 -3.538186103105545044e-02 4.270055145025253296e-02 9.984613060951232910e-01 1.336170959472656250e+02
9.991540908813476562e-01 2.008221298456192017e-02 3.588268905878067017e-02 2.589694738388061523e+00 -1.849962212145328522e-02 9.988644719123840332e-01 -4.390462115406990051e-02 -5.556875705718994141e+00 -3.672364354133605957e-02 4.320364817976951599e-02 9.983912110328674316e-01 1.350128784179687500e+02
9.991160631179809570e-01 2.074196562170982361e-02 3.656048327684402466e-02 2.636579513549804688e+00 -1.911043748259544373e-02 9.988300204277038574e-01 -4.442322626709938049e-02 -5.648036956787109375e+00 -3.743913024663925171e-02 4.368525370955467224e-02 9.983437061309814453e-01 1.363955535888671875e+02
9.990614652633666992e-01 2.141294255852699280e-02 3.764913603663444519e-02 2.686873435974121094e+00 -1.966501958668231964e-02 9.987386465072631836e-01 -4.619895666837692261e-02 -5.737216472625732422e+00 -3.859090432524681091e-02 4.541520774364471436e-02 9.982225894927978516e-01 1.377556304931640625e+02
9.990863204002380371e-01 2.073413506150245667e-02 3.736753016710281372e-02 2.738565921783447266e+00 -1.897053234279155731e-02 9.987171888351440430e-01 -4.694762080907821655e-02 -5.828699588775634766e+00 -3.829301521182060242e-02 4.619582369923591614e-02 9.981982707977294922e-01 1.391214141845703125e+02
9.990513920783996582e-01 2.080979943275451660e-02 3.824874758720397949e-02 2.788476467132568359e+00 -1.898685656487941742e-02 9.986945390701293945e-01 -4.742028564214706421e-02 -5.919311046600341797e+00 -3.918562456965446472e-02 4.664905741810798645e-02 9.981426000595092773e-01 1.404709625244140625e+02
9.990425109863281250e-01 2.080090343952178955e-02 3.848537057638168335e-02 2.839505195617675781e+00 -1.897778175771236420e-02 9.987077116966247559e-01 -4.714505374431610107e-02 -6.016314506530761719e+00 -3.941630199551582336e-02 4.636952280998229980e-02 9.981465339660644531e-01 1.418558044433593750e+02
9.990254640579223633e-01 2.064810320734977722e-02 3.900749981403350830e-02 2.890159130096435547e+00 -1.881008036434650421e-02 9.987218379974365234e-01 -4.691271111369132996e-02 -6.109868526458740234e+00 -3.992630913853645325e-02 4.613322764635086060e-02 9.981371760368347168e-01 1.432389526367187500e+02
9.989613890647888184e-01 2.191627025604248047e-02 3.994482755661010742e-02 2.941475152969360352e+00 -2.002337016165256500e-02 9.986853599548339844e-01 -4.718683287501335144e-02 -6.201386928558349609e+00 -4.092648252844810486e-02 4.633796587586402893e-02 9.980871677398681641e-01 1.446005554199218750e+02
9.989240765571594238e-01 2.106491290032863617e-02 4.131275415420532227e-02 2.997566223144531250e+00 -1.908616349101066589e-02 9.986783862113952637e-01 -4.771965369582176208e-02 -6.295978546142578125e+00 -4.226337373256683350e-02 4.687977954745292664e-02 9.980061650276184082e-01 1.460015106201171875e+02
9.989702105522155762e-01 2.015214227139949799e-02 4.064662382006645203e-02 3.054015159606933594e+00 -1.818988658487796783e-02 9.986778497695922852e-01 -4.808087274432182312e-02 -6.390865325927734375e+00 -4.156182333827018738e-02 4.729197919368743896e-02 9.980161786079406738e-01 1.473577728271484375e+02
9.988766908645629883e-01 2.041831426322460175e-02 4.275783896446228027e-02 3.110697269439697266e+00 -1.828246936202049255e-02 9.985938668251037598e-01 -4.976053163409233093e-02 -6.483336448669433594e+00 -4.371375218033790588e-02 4.892289265990257263e-02 9.978456497192382812e-01 1.487022399902343750e+02
9.988573789596557617e-01 2.040292695164680481e-02 4.321268200874328613e-02 3.169595718383789062e+00 -1.824986189603805542e-02 9.986001849174499512e-01 -4.964599013328552246e-02 -6.580414295196533203e+00 -4.416512325406074524e-02 4.880061745643615723e-02 9.978317618370056152e-01 1.500657348632812500e+02
9.988635778427124023e-01 2.032252214848995209e-02 4.310734197497367859e-02 3.224738836288452148e+00 -1.825719512999057770e-02 9.986913204193115234e-01 -4.777510836720466614e-02 -6.677203655242919922e+00 -4.402184858918190002e-02 4.693377390503883362e-02 9.979276061058044434e-01 1.514315643310546875e+02
9.987079501152038574e-01 2.037070877850055695e-02 4.655295982956886292e-02 3.279684066772460938e+00 -1.805666461586952209e-02 9.986060857772827148e-01 -4.959847778081893921e-02 -6.764775753021240234e+00 -4.749843105673789978e-02 4.869377613067626953e-02 9.976838231086730957e-01 1.526970977783203125e+02
9.987552165985107422e-01 2.055107243359088898e-02 4.544624313712120056e-02 3.341212272644042969e+00 -1.834069564938545227e-02 9.986533522605895996e-01 -4.853013902902603149e-02 -6.862861156463623047e+00 -4.638239741325378418e-02 4.763618856668472290e-02 9.977873563766479492e-01 1.540517425537109375e+02
9.987175464630126953e-01 2.129875123500823975e-02 4.592703282833099365e-02 3.404231309890747070e+00 -1.909491419792175293e-02 9.986696243286132812e-01 -4.790138825774192810e-02 -6.959698677062988281e+00 -4.688617587089538574e-02 4.696296155452728271e-02 9.977957606315612793e-01 1.554513244628906250e+02
9.986844658851623535e-01 2.289547957479953766e-02 4.587852209806442261e-02 3.465349435806274414e+00 -2.071692049503326416e-02 9.986607432365417480e-01 -4.741060733795166016e-02 -7.052833557128906250e+00 -4.690256714820861816e-02 4.639775678515434265e-02 9.978214502334594727e-01 1.568098754882812500e+02
9.985957741737365723e-01 2.245482802391052246e-02 4.797865450382232666e-02 3.522248029708862305e+00 -2.008531428873538971e-02 9.985816478729248047e-01 -4.931039735674858093e-02 -7.137632846832275391e+00 -4.901786148548126221e-02 4.827747493982315063e-02 9.976305365562438965e-01 1.580479125976562500e+02
9.985076785087585449e-01 2.202404290437698364e-02 4.997048899531364441e-02 3.588116645812988281e+00 -1.956231705844402313e-02 9.985960125923156738e-01 -4.922860115766525269e-02 -7.237873554229736328e+00 -5.098454654216766357e-02 4.817758500576019287e-02 9.975368380546569824e-01 1.594375000000000000e+02
9.984000921249389648e-01 2.168676443397998810e-02 5.221790447831153870e-02 3.658364772796630859e+00 -1.903704740107059479e-02 9.985316991806030273e-01 -5.071654543280601501e-02 -7.336207866668701172e+00 -5.324111506342887878e-02 4.964131116867065430e-02 9.973471760749816895e-01 1.608055572509765625e+02
9.983404874801635742e-01 2.242390438914299011e-02 5.304023995995521545e-02 3.730568408966064453e+00 -1.967310532927513123e-02 9.984622597694396973e-01 -5.182757601141929626e-02 -7.434347152709960938e+00 -5.412086099386215210e-02 5.069807916879653931e-02 9.972466826438903809e-01 1.621531829833984375e+02
9.982523322105407715e-01 2.195278368890285492e-02 5.486511066555976868e-02 3.801154851913452148e+00 -1.914833672344684601e-02 9.985085129737854004e-01 -5.112817138433456421e-02 -7.535902976989746094e+00 -5.590569227933883667e-02 4.998822137713432312e-02 9.971840381622314453e-01 1.635094146728515625e+02
9.982488751411437988e-01 2.241743728518486023e-02 5.473999306559562683e-02 3.872310876846313477e+00 -1.961614191532135010e-02 9.984964728355407715e-01 -5.118605494499206543e-02 -7.631534099578857422e+00 -5.580515414476394653e-02 5.002261325716972351e-02 9.971879720687866211e-01 1.648550872802734375e+02
9.982702136039733887e-01 2.217740565538406372e-02 5.444786697626113892e-02 3.943716287612915039e+00 -1.937802694737911224e-02 9.984893798828125000e-01 -5.141397938132286072e-02 -7.731316566467285156e+00 -5.550585314631462097e-02 5.026992782950401306e-02 9.971922636032104492e-01 1.662177581787109375e+02
9.981751441955566406e-01 2.208400145173072815e-02 5.620082095265388489e-02 4.018630504608154297e+00 -1.911127194762229919e-02 9.984172582626342773e-01 -5.289312452077865601e-02 -7.831844806671142578e+00 -5.727996677160263062e-02 5.172251164913177490e-02 9.970176219940185547e-01 1.675842590332031250e+02
9.980946779251098633e-01 2.315117977559566498e-02 5.719197168946266174e-02 4.092248916625976562e+00 -2.007156237959861755e-02 9.983474612236022949e-01 -5.384648963809013367e-02 -7.934507369995117188e+00 -5.834407359361648560e-02 5.259594693779945374e-02 9.969102144241333008e-01 1.689464874267578125e+02
9.980899095535278320e-01 2.436860837042331696e-02 5.676759779453277588e-02 4.170914649963378906e+00 -2.126730605959892273e-02 9.982812404632568359e-01 -5.460911244153976440e-02 -8.035952568054199219e+00 -5.800078064203262329e-02 5.329749360680580139e-02 9.968929886817932129e-01 1.703103637695312500e+02
9.980998635292053223e-01 2.505333721637725830e-02 5.629275366663932800e-02 4.244667053222656250e+00 -2.195550128817558289e-02 9.982453584671020508e-01 -5.499076098203659058e-02 -8.138416290283203125e+00 -5.757168680429458618e-02 5.365031957626342773e-02 9.968989491462707520e-01 1.716723785400390625e+02
9.980804324150085449e-01 2.412802167236804962e-02 5.703618749976158142e-02 4.323245525360107422e+00 -2.094203978776931763e-02 9.982216358184814453e-01 -5.581117421388626099e-02 -8.241346359252929688e+00 -5.828136950731277466e-02 5.450957268476486206e-02 9.968110918998718262e-01 1.730422210693359375e+02
9.979947805404663086e-01 2.498332597315311432e-02 5.815589427947998047e-02 4.398812770843505859e+00 -2.171594835817813873e-02 9.981859326362609863e-01 -5.615225806832313538e-02 -8.348024368286132812e+00 -5.945327132940292358e-02 5.477673932909965515e-02 9.967272281646728516e-01 1.744043426513671875e+02
9.979730844497680664e-01 2.510395832359790802e-02 5.847527086734771729e-02 4.474386215209960938e+00 -2.182807214558124542e-02 9.981919527053833008e-01 -5.600182712078094482e-02 -8.449180603027343750e+00 -5.977541580796241760e-02 5.461190268397331238e-02 9.967170357704162598e-01 1.757367248535156250e+02
9.979603886604309082e-01 2.490522526204586029e-02 5.877625569701194763e-02 4.554555892944335938e+00 -2.155115455389022827e-02 9.981400966644287109e-01 -5.702452361583709717e-02 -8.553994178771972656e+00 -6.008714810013771057e-02 5.564151331782341003e-02 9.966413378715515137e-01 1.771256256103515625e+02
9.980070590972900391e-01 2.497464604675769806e-02 5.794847756624221802e-02 4.635367393493652344e+00 -2.160883508622646332e-02 9.980826973915100098e-01 -5.799937248229980469e-02 -8.661733627319335938e+00 -5.928589031100273132e-02 5.663157999515533447e-02 9.966335296630859375e-01 1.785319213867187500e+02
9.979891180992126465e-01 2.474625594913959503e-02 5.835458636283874512e-02 4.717069149017333984e+00 -2.133533917367458344e-02 9.980671405792236328e-01 -5.836689844727516174e-02 -8.773315429687500000e+00 -5.968616530299186707e-02 5.700451135635375977e-02 9.965883493423461914e-01 1.799321441650390625e+02
9.977892637252807617e-01 2.752023003995418549e-02 6.049022078514099121e-02 4.798325538635253906e+00 -2.395183593034744263e-02 9.979737997055053711e-01 -5.894462391734123230e-02 -8.883728027343750000e+00 -6.198983639478683472e-02 5.736545473337173462e-02 9.964269995689392090e-01 1.813388824462890625e+02
9.977799654006958008e-01 2.986313030123710632e-02 5.952455848455429077e-02 4.878485202789306641e+00 -2.637211233377456665e-02 9.979333281517028809e-01 -5.859494209289550781e-02 -8.996880531311035156e+00 -6.115138158202171326e-02 5.689506232738494873e-02 9.965057969093322754e-01 1.827356109619140625e+02
9.977835416793823242e-01 2.983395755290985107e-02 5.947938188910484314e-02 4.959662914276123047e+00 -2.638589777052402496e-02 9.979714155197143555e-01 -5.793628096580505371e-02 -9.105904579162597656e+00 -6.108720973134040833e-02 5.623843893408775330e-02 9.965469837188720703e-01 1.840992736816406250e+02
9.976797699928283691e-01 3.000841848552227020e-02 6.110924109816551208e-02 5.043339729309082031e+00 -2.643941342830657959e-02 9.979431033134460449e-01 -5.839737877249717712e-02 -9.215938568115234375e+00 -6.273598223924636841e-02 5.664617940783500671e-02 9.964214563369750977e-01 1.855178070068359375e+02
9.975625276565551758e-01 3.063084930181503296e-02 6.269317120313644409e-02 5.128026485443115234e+00 -2.690163068473339081e-02 9.978663921356201172e-01 -5.948698893189430237e-02 -9.325612068176269531e+00 -6.438155472278594971e-02 5.765543133020401001e-02 9.962586164474487305e-01 1.869235839843750000e+02
9.975022673606872559e-01 3.012528084218502045e-02 6.388495862483978271e-02 5.216834545135498047e+00 -2.629503235220909119e-02 9.978536367416381836e-01 -5.997112020850181580e-02 -9.438796997070312500e+00 -6.555449217557907104e-02 5.814146250486373901e-02 9.961538910865783691e-01 1.883524932861328125e+02
9.974128603935241699e-01 3.033532761037349701e-02 6.516874581575393677e-02 5.304277896881103516e+00 -2.638690546154975891e-02 9.978122115135192871e-01 -6.061657890677452087e-02 -9.553444862365722656e+00 -6.686499714851379395e-02 5.874013900756835938e-02 9.960317015647888184e-01 1.897523956298828125e+02
9.974596500396728516e-01 3.117387555539608002e-02 6.404779106378555298e-02 5.393391609191894531e+00 -2.728426456451416016e-02 9.977810382843017578e-01 -6.073177978396415710e-02 -9.662890434265136719e+00 -6.579892337322235107e-02 5.882998928427696228e-02 9.960973858833312988e-01 1.911007690429687500e+02
9.974724054336547852e-01 3.137496858835220337e-02 6.375040858983993530e-02 5.482065200805664062e+00 -2.748445421457290649e-02 9.977583289146423340e-01 -6.101357191801071167e-02 -9.772991180419921875e+00 -6.552180647850036621e-02 5.910719186067581177e-02 9.960992932319641113e-01 1.924752502441406250e+02
9.975062608718872070e-01 3.154732286930084229e-02 6.313180178403854370e-02 5.565967082977294922e+00 -2.757670730352401733e-02 9.976445436477661133e-01 -6.280607730150222778e-02 -9.884588241577148438e+00 -6.496445834636688232e-02 6.090847402811050415e-02 9.960272908210754395e-01 1.938441314697265625e+02
9.975092411041259766e-01 3.207860514521598816e-02 6.281509995460510254e-02 5.656690597534179688e+00 -2.823846600949764252e-02 9.977322816848754883e-01 -6.109536811709403992e-02 -1.000319576263427734e+01 -6.463249772787094116e-02 5.916938185691833496e-02 9.961536526679992676e-01 1.952635498046875000e+02
9.973649382591247559e-01 3.381945565342903137e-02 6.417845934629440308e-02 5.745501995086669922e+00 -2.987673506140708923e-02 9.976640343666076660e-01 -6.142913922667503357e-02 -1.012119865417480469e+01 -6.610604375600814819e-02 5.934981629252433777e-02 9.960461854934692383e-01 1.966866760253906250e+02
9.971854090690612793e-01 3.598065674304962158e-02 6.577323377132415771e-02 5.831303596496582031e+00 -3.207413852214813232e-02 9.977118372917175293e-01 -5.951431766152381897e-02 -1.023495388031005859e+01 -6.776410341262817383e-02 5.723717436194419861e-02 9.960584044456481934e-01 1.980675811767578125e+02
9.970614314079284668e-01 3.560613840818405151e-02 6.782367825508117676e-02 5.922259807586669922e+00 -3.152620792388916016e-02 9.976819157600402832e-01 -6.030362471938133240e-02 -1.035116577148437500e+01 -6.981364637613296509e-02 5.798818916082382202e-02 9.958733916282653809e-01 1.995085449218750000e+02
9.969733953475952148e-01 3.453613817691802979e-02 6.964688003063201904e-02 6.018531322479248047e+00 -3.035699389874935150e-02 9.977247118949890137e-01 -6.019542738795280457e-02 -1.046887969970703125e+01 -7.156734168529510498e-02 5.789896473288536072e-02 9.957540631294250488e-01 2.009524078369140625e+02
9.970290660858154297e-01 3.412613645195960999e-02 6.905007362365722656e-02 6.114055156707763672e+00 -2.999191358685493469e-02 9.977446794509887695e-01 -6.004830822348594666e-02 -1.057989501953125000e+01 -7.094357162714004517e-02 5.779895931482315063e-02 9.958045482635498047e-01 2.023334808349609375e+02
9.971028566360473633e-01 3.459950163960456848e-02 6.773587316274642944e-02 6.205841541290283203e+00 -3.065316379070281982e-02 9.978190660476684570e-01 -5.845741182565689087e-02 -1.069294929504394531e+01 -6.961075216531753540e-02 5.621173232793807983e-02 9.959894418716430664e-01 2.037259063720703125e+02
9.970220923423767090e-01 3.523636236786842346e-02 6.859034299850463867e-02 6.297929763793945312e+00 -3.126352652907371521e-02 9.978176355361938477e-01 -5.815713107585906982e-02 -1.080259037017822266e+01 -7.048991322517395020e-02 5.583957210183143616e-02 9.959485530853271484e-01 2.051291351318359375e+02
9.968396425247192383e-01 3.639788553118705750e-02 7.060614228248596191e-02 6.392059803009033203e+00 -3.226761519908905029e-02 9.977491497993469238e-01 -5.878095701336860657e-02 -1.091560745239257812e+01 -7.258673757314682007e-02 5.631689727306365967e-02 9.957709908485412598e-01 2.065393981933593750e+02
9.967989325523376465e-01 3.639123588800430298e-02 7.118147611618041992e-02 6.490776538848876953e+00 -3.223736956715583801e-02 9.977573156356811523e-01 -5.865880846977233887e-02 -1.102908039093017578e+01 -7.315652817487716675e-02 5.617633834481239319e-02 9.957372546195983887e-01 2.079768218994140625e+02
9.966948032379150391e-01 3.758162632584571838e-02 7.201638817787170410e-02 6.592956542968750000e+00 -3.341848030686378479e-02 9.977473020553588867e-01 -5.816621705889701843e-02 -1.113965320587158203e+01 -7.404015958309173584e-02 5.556729435920715332e-02 9.957060813903808594e-01 2.093923187255859375e+02
9.964438080787658691e-01 3.847490996122360229e-02 7.495694607496261597e-02 6.695002079010009766e+00 -3.428586572408676147e-02 9.978196620941162109e-01 -5.639318749308586121e-02 -1.125180339813232422e+01 -7.696325331926345825e-02 5.362268537282943726e-02 9.955910444259643555e-01 2.108138732910156250e+02
9.963546395301818848e-01 3.683518990874290466e-02 7.693910598754882812e-02 6.798287868499755859e+00 -3.237463906407356262e-02 9.977657794952392578e-01 -5.843898281455039978e-02 -1.136066246032714844e+01 -7.891982793807983398e-02 5.573508888483047485e-02 9.953218102455139160e-01 2.122231903076171875e+02
9.961815476417541504e-01 3.545255213975906372e-02 7.977735251188278198e-02 6.906916618347167969e+00 -3.079965151846408844e-02 9.977934360504150391e-01 -5.881687998771667480e-02 -1.147330760955810547e+01 -8.168653398752212524e-02 5.613519623875617981e-02 9.950760602951049805e-01 2.136257476806640625e+02
9.959475994110107422e-01 3.757739067077636719e-02 8.170281350612640381e-02 7.021401882171630859e+00 -3.269420936703681946e-02 9.976443052291870117e-01 -6.030546873807907104e-02 -1.158504104614257812e+01 -8.377647399902343750e-02 5.738989636301994324e-02 9.948306679725646973e-01 2.150108795166015625e+02
9.958629608154296875e-01 3.795677796006202698e-02 8.255511522293090820e-02 7.133433818817138672e+00 -3.309932351112365723e-02 9.976832866668701172e-01 -5.943218991160392761e-02 -1.170182704925537109e+01 -8.461971580982208252e-02 5.645381286740303040e-02 9.948129057884216309e-01 2.164248809814453125e+02
9.957155585289001465e-01 3.978252038359642029e-02 8.346843719482421875e-02 7.248117923736572266e+00 -3.483225032687187195e-02 9.975934028625488281e-01 -5.994781479239463806e-02 -1.181759834289550781e+01 -8.565244078636169434e-02 5.678359419107437134e-02 9.947057962417602539e-01 2.178372192382812500e+02
9.954322576522827148e-01 4.118408635258674622e-02 8.612523227930068970e-02 7.362501621246337891e+00 -3.610409423708915710e-02 9.975610971450805664e-01 -5.973215028643608093e-02 -1.193243408203125000e+01 -8.837520331144332886e-02 5.634985491633415222e-02 9.944922327995300293e-01 2.192482910156250000e+02
9.954165816307067871e-01 4.194971174001693726e-02 8.593680709600448608e-02 7.481046199798583984e+00 -3.681807219982147217e-02 9.974915385246276855e-01 -6.045312806963920593e-02 -1.204512691497802734e+01 -8.825723081827163696e-02 5.701204016804695129e-02 9.944649338722229004e-01 2.206207122802734375e+02
9.951305389404296875e-01 4.231040552258491516e-02 8.901738375425338745e-02 7.603167533874511719e+00 -3.696598857641220093e-02 9.974616765975952148e-01 -6.085343286395072937e-02 -1.216471576690673828e+01 -9.136616438627243042e-02 5.726651474833488464e-02 9.941694736480712891e-01 2.220529632568359375e+02
9.950187206268310547e-01 4.355702176690101624e-02 8.966291695833206177e-02 7.728894233703613281e+00 -3.809561207890510559e-02 9.973642826080322266e-01 -6.174635142087936401e-02 -1.227992820739746094e+01 -9.211607277393341064e-02 5.802303552627563477e-02 9.940564036369323730e-01 2.234464416503906250e+02
9.949144124984741211e-01 4.494407400488853455e-02 9.013425558805465698e-02 7.853303909301757812e+00 -3.946069255471229553e-02 9.973127841949462891e-01 -6.172199919819831848e-02 -1.239404773712158203e+01 -9.266607463359832764e-02 5.785137042403221130e-02 9.940152764320373535e-01 2.248384246826171875e+02
9.947445988655090332e-01 4.494937136769294739e-02 9.198679029941558838e-02 7.981760025024414062e+00 -3.922111913561820984e-02 9.972321391105651855e-01 -6.316062062978744507e-02 -1.251104831695556641e+01 -9.457121044397354126e-02 5.922088027000427246e-02 9.937551021575927734e-01 2.262500152587890625e+02
9.946565032005310059e-01 4.597862437367439270e-02 9.243008494377136230e-02 8.109760284423828125e+00 -4.039377346634864807e-02 9.972945451736450195e-01 -6.141159310936927795e-02 -1.262932395935058594e+01 -9.500363469123840332e-02 5.734986066818237305e-02 9.938235878944396973e-01 2.276559448242187500e+02
9.947665333747863770e-01 4.696482792496681213e-02 9.073416143655776978e-02 8.238848686218261719e+00 -4.152992740273475647e-02 9.972800612449645996e-01 -6.088645011186599731e-02 -1.274542236328125000e+01 -9.334688633680343628e-02 5.679964646697044373e-02 9.940121173858642578e-01 2.290869140625000000e+02
9.946573972702026367e-01 4.671805724501609802e-02 9.204863011837005615e-02 8.363905906677246094e+00 -4.127341136336326599e-02 9.973328709602355957e-01 -6.019132584333419800e-02 -1.286338520050048828e+01 -9.461515396833419800e-02 5.607061460614204407e-02 9.939335584640502930e-01 2.305079040527343750e+02
9.945572018623352051e-01 4.634804278612136841e-02 9.330999851226806641e-02 8.489740371704101562e+00 -4.093225300312042236e-02 9.974097013473510742e-01 -5.914156883955001831e-02 -1.297966003417968750e+01 -9.580940753221511841e-02 5.500030890107154846e-02 9.938789010047912598e-01 2.319144897460937500e+02
9.945466518402099609e-01 4.573929682374000549e-02 9.372159093618392944e-02 8.615067481994628906e+00 -4.041944816708564758e-02 9.975037574768066406e-01 -5.789558961987495422e-02 -1.308994960784912109e+01 -9.613574296236038208e-02 5.379171669483184814e-02 9.939135313034057617e-01 2.333101043701171875e+02
9.946675300598144531e-01 4.575731977820396423e-02 9.242117404937744141e-02 8.745251655578613281e+00 -4.049978777766227722e-02 9.974954724311828613e-01 -5.798308178782463074e-02 -1.320203590393066406e+01 -9.484284371137619019e-02 5.393087491393089294e-02 9.940302371978759766e-01 2.347200317382812500e+02
9.946529865264892578e-01 4.562165588140487671e-02 9.264451265335083008e-02 8.877100944519042969e+00 -4.035627841949462891e-02 9.975041747093200684e-01 -5.793397501111030579e-02 -1.331247997283935547e+01 -9.505631774663925171e-02 5.388543754816055298e-02 9.940123558044433594e-01 2.361227874755859375e+02
9.946087002754211426e-01 4.609592631459236145e-02 9.288510680198669434e-02 9.011040687561035156e+00 -4.076579958200454712e-02 9.974552392959594727e-01 -5.848701670765876770e-02 -1.342167186737060547e+01 -9.534472227096557617e-02 5.438518524169921875e-02 9.939575195312500000e-01 2.375249023437500000e+02
9.941859841346740723e-01 4.651362448930740356e-02 9.710618108510971069e-02 9.140705108642578125e+00 -4.078915342688560486e-02 9.973567724227905273e-01 -6.012638285756111145e-02 -1.353520298004150391e+01 -9.964617341756820679e-02 5.581595748662948608e-02 9.934561848640441895e-01 2.389372253417968750e+02
9.941200017929077148e-01 4.652928560972213745e-02 9.777142107486724854e-02 9.277218818664550781e+00 -4.063351824879646301e-02 9.972823858261108398e-01 -6.145155802369117737e-02 -1.365041732788085938e+01 -1.003649830818176270e-01 5.711745843291282654e-02 9.933097958564758301e-01 2.403371124267578125e+02
9.940336346626281738e-01 4.743776097893714905e-02 9.821201860904693604e-02 9.412467002868652344e+00 -4.149052128195762634e-02 9.972294569015502930e-01 -6.173707917332649231e-02 -1.376715469360351562e+01 -1.008685678243637085e-01 5.729389935731887817e-02 9.932486414909362793e-01 2.417451171875000000e+02
9.942303299903869629e-01 4.769863188266754150e-02 9.607151895761489868e-02 9.550113677978515625e+00 -4.198269546031951904e-02 9.972746968269348145e-01 -6.066449731588363647e-02 -1.388475513458251953e+01 -9.870328009128570557e-02 5.628117173910140991e-02 9.935240149497985840e-01 2.431719360351562500e+02
9.942557811737060547e-01 4.773971065878868103e-02 9.578739106655120850e-02 9.678807258605957031e+00 -4.186242818832397461e-02 9.971690773963928223e-01 -6.245671212673187256e-02 -1.399831008911132812e+01 -9.849786758422851562e-02 5.808808654546737671e-02 9.934403896331787109e-01 2.445568084716796875e+02
9.941398501396179199e-01 4.925493150949478149e-02 9.622232615947723389e-02 9.808149337768554688e+00 -4.334510490298271179e-02 9.970984458923339844e-01 -6.257262825965881348e-02 -1.411353397369384766e+01 -9.902512282133102417e-02 5.803520977497100830e-02 9.933910369873046875e-01 2.459281311035156250e+02
9.938780069351196289e-01 5.002922937273979187e-02 9.850070625543594360e-02 9.938306808471679688e+00 -4.395455867052078247e-02 9.970508813858032227e-01 -6.290494650602340698e-02 -1.423186588287353516e+01 -1.013572812080383301e-01 5.819032713770866394e-02 9.931467175483703613e-01 2.473240966796875000e+02
9.938507080078125000e-01 5.036092177033424377e-02 9.860705584287643433e-02 1.007234668731689453e+01 -4.431853443384170532e-02 9.970578551292419434e-01 -6.253822892904281616e-02 -1.435106754302978516e+01 -1.014664024114608765e-01 5.778358131647109985e-02 9.931593537330627441e-01 2.487299346923828125e+02
9.937437772750854492e-01 5.060188844799995422e-02 9.955704212188720703e-02 1.020753955841064453e+01 -4.446407407522201538e-02 9.970265030860900879e-01 -6.293368339538574219e-02 -1.446729946136474609e+01 -1.024455577135086060e-01 5.811328068375587463e-02 9.930396080017089844e-01 2.501290283203125000e+02
9.932547211647033691e-01 5.258677899837493896e-02 1.033371835947036743e-01 1.034912776947021484e+01 -4.606583714485168457e-02 9.968531727790832520e-01 -6.450868397951126099e-02 -1.458701992034912109e+01 -1.064042896032333374e-01 5.931328237056732178e-02 9.925522208213806152e-01 2.515217285156250000e+02
9.930832386016845703e-01 5.149191245436668396e-02 1.055132374167442322e-01 1.049095535278320312e+01 -4.486646503210067749e-02 9.969256520271301270e-01 -6.423301249742507935e-02 -1.470968437194824219e+01 -1.084963306784629822e-01 5.905476585030555725e-02 9.923411011695861816e-01 2.529386291503906250e+02
9.929773807525634766e-01 5.300039052963256836e-02 1.057624593377113342e-01 1.063464736938476562e+01 -4.624619707465171814e-02 9.967916607856750488e-01 -6.532453000545501709e-02 -1.482682609558105469e+01 -1.088853627443313599e-01 5.997471138834953308e-02 9.922432899475097656e-01 2.543113250732421875e+02
9.928935170173645020e-01 5.248051136732101440e-02 1.068037077784538269e-01 1.078141880035400391e+01 -4.553239047527313232e-02 9.967476725578308105e-01 -6.648627668619155884e-02 -1.494756793975830078e+01 -1.099455878138542175e-01 6.115081161260604858e-02 9.920545220375061035e-01 2.557227172851562500e+02
9.928148984909057617e-01 5.350938811898231506e-02 1.070237085223197937e-01 1.092785263061523438e+01 -4.664129391312599182e-02 9.967498779296875000e-01 -6.567954272031784058e-02 -1.506830406188964844e+01 -1.101903393864631653e-01 6.021595373749732971e-02 9.920845627784729004e-01 2.571210937500000000e+02
9.924629330635070801e-01 5.559039115905761719e-02 1.092051789164543152e-01 1.107755279541015625e+01 -4.871496185660362244e-02 9.967179894447326660e-01 -6.464996188879013062e-02 -1.519392204284667969e+01 -1.124406754970550537e-01 5.884281173348426819e-02 9.919144511222839355e-01 2.585433654785156250e+02
9.923595786094665527e-01 5.552066862583160400e-02 1.101755350828170776e-01 1.123404026031494141e+01 -4.848762974143028259e-02 9.966722130775451660e-01 -6.552006304264068604e-02 -1.531646537780761719e+01 -1.134466007351875305e-01 5.967735871672630310e-02 9.917500615119934082e-01 2.599635009765625000e+02
9.921171069145202637e-01 5.612546950578689575e-02 1.120368763804435730e-01 1.139336109161376953e+01 -4.894877597689628601e-02 9.966304302215576172e-01 -6.581217795610427856e-02 -1.544064617156982422e+01 -1.153530851006507874e-01 5.980936810374259949e-02 9.915221929550170898e-01 2.613880920410156250e+02
9.921428561210632324e-01 5.686788633465766907e-02 1.114323735237121582e-01 1.154711341857910156e+01 -4.983454570174217224e-02 9.966450929641723633e-01 -6.491889059543609619e-02 -1.556201362609863281e+01 -1.147503256797790527e-01 5.885568633675575256e-02 9.916492104530334473e-01 2.627938232421875000e+02
9.921538233757019043e-01 5.589613318443298340e-02 1.118254587054252625e-01 1.170410728454589844e+01 -4.877311363816261292e-02 9.966627955436706543e-01 -6.545124948024749756e-02 -1.568359661102294922e+01 -1.151107475161552429e-01 5.948369577527046204e-02 9.915699362754821777e-01 2.641966247558593750e+02
9.917382597923278809e-01 5.596772208809852600e-02 1.154180094599723816e-01 1.186407661437988281e+01 -4.878393188118934631e-02 9.967464804649353027e-01 -6.415537744760513306e-02 -1.580417823791503906e+01 -1.186331212520599365e-01 5.799486115574836731e-02 9.912429451942443848e-01 2.656065979003906250e+02
9.915441274642944336e-01 5.592261254787445068e-02 1.170958951115608215e-01 1.202945518493652344e+01 -4.842440038919448853e-02 9.966481924057006836e-01 -6.593048572540283203e-02 -1.592776298522949219e+01 -1.203904077410697937e-01 5.970274657011032104e-02 9.909296035766601562e-01 2.670386962890625000e+02
9.912279248237609863e-01 5.612307786941528320e-02 1.196495294570922852e-01 1.219513034820556641e+01 -4.832084104418754578e-02 9.965721964836120605e-01 -6.714347004890441895e-02 -1.604895782470703125e+01 -1.230076923966407776e-01 6.077297031879425049e-02 9.905430674552917480e-01 2.684501037597656250e+02
9.912758469581604004e-01 5.602655559778213501e-02 1.192971393465995789e-01 1.236277389526367188e+01 -4.805381223559379578e-02 9.964796304702758789e-01 -6.869141012430191040e-02 -1.617084121704101562e+01 -1.227257102727890015e-01 6.235951185226440430e-02 9.904794096946716309e-01 2.698353881835937500e+02
9.912140369415283203e-01 5.629616975784301758e-02 1.196832805871963501e-01 1.252717208862304688e+01 -4.807791858911514282e-02 9.963535666465759277e-01 -7.048037648200988770e-02 -1.629500007629394531e+01 -1.232146322727203369e-01 6.410706788301467896e-02 9.903071522712707520e-01 2.712060852050781250e+02
9.911628365516662598e-01 5.689490586519241333e-02 1.198237836360931396e-01 1.269031238555908203e+01 -4.896166920661926270e-02 9.964730739593505859e-01 -6.814338266849517822e-02 -1.642218399047851562e+01 -1.232781782746315002e-01 6.167446449398994446e-02 9.904537200927734375e-01 2.725910949707031250e+02
9.909312725067138672e-01 5.622250586748123169e-02 1.220355257391929626e-01 1.285703277587890625e+01 -4.820424318313598633e-02 9.965407252311706543e-01 -6.769231706857681274e-02 -1.655266571044921875e+01 -1.254191994667053223e-01 6.119585037231445312e-02 9.902145862579345703e-01 2.740203552246093750e+02
9.907814264297485352e-01 5.606318637728691101e-02 1.233186200261116028e-01 1.302677154541015625e+01 -4.784626513719558716e-02 9.964949488639831543e-01 -6.861438602209091187e-02 -1.668072700500488281e+01 -1.267331242561340332e-01 6.208156794309616089e-02 9.899921417236328125e-01 2.754342651367187500e+02
9.908784627914428711e-01 5.686940252780914307e-02 1.221643760800361633e-01 1.319501113891601562e+01 -4.860976338386535645e-02 9.963924288749694824e-01 -6.956048309803009033e-02 -1.680174827575683594e+01 -1.256795376539230347e-01 6.298764795064926147e-02 9.900692105293273926e-01 2.767952575683593750e+02
9.906263351440429688e-01 5.804843083024024963e-02 1.236454024910926819e-01 1.336661243438720703e+01 -4.955105483531951904e-02 9.962640404701232910e-01 -7.072575390338897705e-02 -1.692743110656738281e+01 -1.272889971733093262e-01 6.393608450889587402e-02 9.898027777671813965e-01 2.781892700195312500e+02
9.903588294982910156e-01 5.835000053048133850e-02 1.256302893161773682e-01 1.354155635833740234e+01 -4.968292266130447388e-02 9.962342381477355957e-01 -7.105197012424468994e-02 -1.705532455444335938e+01 -1.293030977249145508e-01 6.412531435489654541e-02 9.895293712615966797e-01 2.795881652832031250e+02
9.903735518455505371e-01 5.837324634194374084e-02 1.255037337541580200e-01 1.371680641174316406e+01 -4.982824251055717468e-02 9.962887763977050781e-01 -7.018093019723892212e-02 -1.718453025817871094e+01 -1.291346698999404907e-01 6.325175613164901733e-02 9.896075725555419922e-01 2.809898681640625000e+02
9.903019666671752930e-01 5.794991552829742432e-02 1.262627542018890381e-01 1.389143371582031250e+01 -4.945370182394981384e-02 9.963608980178833008e-01 -6.941767036914825439e-02 -1.731201362609863281e+01 -1.298260390758514404e-01 6.250035017728805542e-02 9.895648360252380371e-01 2.823869018554687500e+02
9.900765419006347656e-01 5.918142199516296387e-02 1.274536401033401489e-01 1.407310962677001953e+01 -5.066963285207748413e-02 9.963272213935852051e-01 -6.902260333299636841e-02 -1.743898391723632812e+01 -1.310704052448272705e-01 6.187968328595161438e-02 9.894397854804992676e-01 2.837975158691406250e+02
9.899300932884216309e-01 5.956919863820075989e-02 1.284073591232299805e-01 1.425156974792480469e+01 -5.114912614226341248e-02 9.963795542716979980e-01 -6.790432333946228027e-02 -1.756576538085937500e+01 -1.319874972105026245e-01 6.065265461802482605e-02 9.893938302993774414e-01 2.851772766113281250e+02
9.897590279579162598e-01 5.922281742095947266e-02 1.298776268959045410e-01 1.442960166931152344e+01 -5.072993785142898560e-02 9.964112043380737305e-01 -6.775455921888351440e-02 -1.768963050842285156e+01 -1.334241628646850586e-01 6.047205254435539246e-02 9.892121553421020508e-01 2.865787963867187500e+02
9.897157549858093262e-01 5.967191234230995178e-02 1.300020366907119751e-01 1.461175060272216797e+01 -5.107338726520538330e-02 9.963425397872924805e-01 -6.850253045558929443e-02 -1.781510925292968750e+01 -1.336142718791961670e-01 6.115843728184700012e-02 9.891442656517028809e-01 2.879892272949218750e+02
9.894123673439025879e-01 5.943581089377403259e-02 1.323972791433334351e-01 1.479447269439697266e+01 -5.074377730488777161e-02 9.963878393173217773e-01 -6.808705627918243408e-02 -1.794137382507324219e+01 -1.359658837318420410e-01 6.064788252115249634e-02 9.888552427291870117e-01 2.893819274902343750e+02
9.893152117729187012e-01 5.916983634233474731e-02 1.332393288612365723e-01 1.497836589813232422e+01 -5.024254322052001953e-02 9.963228106498718262e-01 -6.939756125211715698e-02 -1.806694221496582031e+01 -1.368556469678878784e-01 6.196182966232299805e-02 9.886509776115417480e-01 2.907652282714843750e+02
9.891692996025085449e-01 5.787685140967369080e-02 1.348799318075180054e-01 1.516742324829101562e+01 -4.869500547647476196e-02 9.963287115097045898e-01 -7.040852308273315430e-02 -1.819702529907226562e+01 -1.384598016738891602e-01 6.307803094387054443e-02 9.883569478988647461e-01 2.921900024414062500e+02
9.892015457153320312e-01 5.812076851725578308e-02 1.345383375883102417e-01 1.535444736480712891e+01 -4.898935556411743164e-02 9.963277578353881836e-01 -7.021730393171310425e-02 -1.832516860961914062e+01 -1.381253898143768311e-01 6.286817044019699097e-02 9.884171485900878906e-01 2.935852966308593750e+02
9.890117645263671875e-01 5.802181735634803772e-02 1.359690427780151367e-01 1.554681682586669922e+01 -4.872175678610801697e-02 9.963026642799377441e-01 -7.075756043195724487e-02 -1.845321846008300781e+01 -1.395718157291412354e-01 6.335546076297760010e-02 9.881827831268310547e-01 2.949983520507812500e+02
9.887844920158386230e-01 5.752440914511680603e-02 1.378205120563507080e-01 1.573882675170898438e+01 -4.820144549012184143e-02 9.963775277137756348e-01 -7.005579769611358643e-02 -1.858443260192871094e+01 -1.413512080907821655e-01 6.262698769569396973e-02 9.879762530326843262e-01 2.964158020019531250e+02
9.889596700668334961e-01 5.758871138095855713e-02 1.365306228399276733e-01 1.592929840087890625e+01 -4.799037426710128784e-02 9.962068796157836914e-01 -7.258196920156478882e-02 -1.870840072631835938e+01 -1.401926726102828979e-01 6.522853672504425049e-02 9.879729747772216797e-01 2.977965087890625000e+02
9.889738559722900391e-01 5.703314393758773804e-02 1.366608440876007080e-01 1.611550521850585938e+01 -4.749857634305953979e-02 9.962696433067321777e-01 -7.204307615756988525e-02 -1.883556556701660156e+01 -1.402599215507507324e-01 6.475758552551269531e-02 9.879943728446960449e-01 2.991639099121093750e+02
9.886592030525207520e-01 5.567186325788497925e-02 1.394698172807693481e-01 1.630782890319824219e+01 -4.608384147286415100e-02 9.964067935943603516e-01 -7.105865329504013062e-02 -1.896924018859863281e+01 -1.429246813058853149e-01 6.382554769515991211e-02 9.876731038093566895e-01 3.005900573730468750e+02
9.883671998977661133e-01 5.672018975019454956e-02 1.411071270704269409e-01 1.649782371520996094e+01 -4.708922281861305237e-02 9.963865876197814941e-01 -7.068192213773727417e-02 -1.909679794311523438e+01 -1.446063667535781860e-01 6.321512907743453979e-02 9.874675273895263672e-01 3.019678039550781250e+02
9.877785444259643555e-01 5.813113600015640259e-02 1.446109265089035034e-01 1.669511795043945312e+01 -4.822661727666854858e-02 9.963038563728332520e-01 -7.108024507761001587e-02 -1.922650146484375000e+01 -1.482084244489669800e-01 6.323751062154769897e-02 9.869318604469299316e-01 3.033558654785156250e+02
9.875879883766174316e-01 5.833462998270988464e-02 1.458249688148498535e-01 1.689320945739746094e+01 -4.844835400581359863e-02 9.963375926017761230e-01 -7.045360654592514038e-02 -1.935639381408691406e+01 -1.494008153676986694e-01 6.251421570777893066e-02 9.867981076240539551e-01 3.047347106933593750e+02
9.872854948043823242e-01 6.037715822458267212e-02 1.470370292663574219e-01 1.710289955139160156e+01 -5.029422789812088013e-02 9.961819648742675781e-01 -7.135482877492904663e-02 -1.948649406433105469e+01 -1.507838815450668335e-01 6.305252760648727417e-02 9.865534305572509766e-01 3.061611328125000000e+02
9.868870377540588379e-01 6.088419631123542786e-02 1.494826376438140869e-01 1.730672454833984375e+01 -5.070533603429794312e-02 9.961873292922973633e-01 -7.098852097988128662e-02 -1.961585044860839844e+01 -1.532348394393920898e-01 6.247813254594802856e-02 9.862123131752014160e-01 3.075395812988281250e+02
9.865982532501220703e-01 6.173212081193923950e-02 1.510327607393264771e-01 1.752192687988281250e+01 -5.131029337644577026e-02 9.960868358612060547e-01 -7.195677608251571655e-02 -1.974868774414062500e+01 -1.548838466405868530e-01 6.324294209480285645e-02 9.859058856964111328e-01 3.089569702148437500e+02
9.863980412483215332e-01 6.178567185997962952e-02 1.523130089044570923e-01 1.772763252258300781e+01 -5.129278823733329773e-02 9.960929155349731445e-01 -7.188545167446136475e-02 -1.987979507446289062e+01 -1.561594456434249878e-01 6.309515237808227539e-02 9.857141375541687012e-01 3.103479003906250000e+02
9.863952398300170898e-01 6.191430240869522095e-02 1.522789895534515381e-01 1.794425582885742188e+01 -5.148173496127128601e-02 9.961090087890625000e-01 -7.152645289897918701e-02 -2.001052665710449219e+01 -1.561150401830673218e-01 6.271380931138992310e-02 9.857454895973205566e-01 3.117558593750000000e+02
9.864209890365600586e-01 6.052863225340843201e-02 1.526690125465393066e-01 1.815177726745605469e+01 -5.015797540545463562e-02 9.962218999862670898e-01 -7.089190185070037842e-02 -2.014057922363281250e+01 -1.563832759857177734e-01 6.227173283696174622e-02 9.857309460639953613e-01 3.131294250488281250e+02
9.861891865730285645e-01 6.238357350230216980e-02 1.534179747104644775e-01 1.836980247497558594e+01 -5.203923955559730530e-02 9.961500167846679688e-01 -7.054452598094940186e-02 -2.027046012878417969e+01 -1.572282314300537109e-01 6.158652901649475098e-02 9.856395721435546875e-01 3.145370178222656250e+02
9.861522316932678223e-01 6.226557865738868713e-02 1.537033170461654663e-01 1.858824920654296875e+01 -5.168064311146736145e-02 9.960696101188659668e-01 -7.192953675985336304e-02 -2.040116119384765625e+01 -1.575780361890792847e-01 6.299002468585968018e-02 9.854949712753295898e-01 3.159463195800781250e+02
9.860480427742004395e-01 6.230749934911727905e-02 1.543535888195037842e-01 1.880716896057128906e+01 -5.196776613593101501e-02 9.961820244789123535e-01 -7.014315575361251831e-02 -2.053344726562500000e+01 -1.581348180770874023e-01 6.114313751459121704e-02 9.855220913887023926e-01 3.173591003417968750e+02
9.857158064842224121e-01 6.225751340389251709e-02 1.564813554286956787e-01 1.902916336059570312e+01 -5.175397545099258423e-02 9.961801767349243164e-01 -7.032749801874160767e-02 -2.066494178771972656e+01 -1.602621376514434814e-01 6.122442334890365601e-02 9.851734042167663574e-01 3.187952880859375000e+02
9.853207468986511230e-01 6.322566419839859009e-02 1.585673689842224121e-01 1.925146102905273438e+01 -5.247632786631584167e-02 9.960883855819702148e-01 -7.108832895755767822e-02 -2.079553794860839844e+01 -1.624418348073959351e-01 6.172379478812217712e-02 9.847851991653442383e-01 3.201956481933593750e+02
9.848926067352294922e-01 6.469389796257019043e-02 1.606218367815017700e-01 1.947644805908203125e+01 -5.362815037369728088e-02 9.959396719932556152e-01 -7.230159640312194824e-02 -2.092863845825195312e+01 -1.646472513675689697e-01 6.259547173976898193e-02 9.843638539314270020e-01 3.216080017089843750e+02
9.846876859664916992e-01 6.502728909254074097e-02 1.617397814989089966e-01 1.970184326171875000e+01 -5.416466668248176575e-02 9.960262179374694824e-01 -7.069116085767745972e-02 -2.106098747253417969e+01 -1.656940579414367676e-01 6.084814667701721191e-02 9.842978119850158691e-01 3.230056762695312500e+02
9.846633076667785645e-01 6.418485194444656372e-02 1.622238010168075562e-01 1.992842483520507812e+01 -5.336096137762069702e-02 9.961026310920715332e-01 -7.022453099489212036e-02 -2.118864250183105469e+01 -1.660990417003631592e-01 6.049111485481262207e-02 9.842515587806701660e-01 3.243883361816406250e+02
9.848286509513854980e-01 6.457886099815368652e-02 1.610595136880874634e-01 2.014959526062011719e+01 -5.384374409914016724e-02 9.960816502571105957e-01 -7.015374302864074707e-02 -2.131486701965332031e+01 -1.649589985609054565e-01 6.041738763451576233e-02 9.844477772712707520e-01 3.257639465332031250e+02
9.845405817031860352e-01 6.504420191049575806e-02 1.626258790493011475e-01 2.037126350402832031e+01 -5.430436134338378906e-02 9.960926771163940430e-01 -6.963945925235748291e-02 -2.144076538085937500e+01 -1.665202230215072632e-01 5.973159894347190857e-02 9.842267632484436035e-01 3.271365661621093750e+02
9.844154715538024902e-01 6.680727005004882812e-02 1.626683175563812256e-01 2.060013771057128906e+01 -5.563381686806678772e-02 9.958292841911315918e-01 -7.230554521083831787e-02 -2.156858825683593750e+01 -1.668205410242080688e-01 6.212885677814483643e-02 9.840275049209594727e-01 3.285294494628906250e+02
9.841035008430480957e-01 6.487769633531570435e-02 1.653153747320175171e-01 2.083161735534667969e+01 -5.367540940642356873e-02 9.960051774978637695e-01 -7.135659456253051758e-02 -2.170109176635742188e+01 -1.692845672369003296e-01 6.134891882538795471e-02 9.836555123329162598e-01 3.299387817382812500e+02
9.839245676994323730e-01 6.388573348522186279e-02 1.667603701353073120e-01 2.106207084655761719e+01 -5.251900106668472290e-02 9.960415363311767578e-01 -7.170819491147994995e-02 -2.182895469665527344e+01 -1.706815510988235474e-01 6.179738044738769531e-02 9.833859801292419434e-01 3.313099670410156250e+02
9.840945601463317871e-01 6.353187561035156250e-02 1.658900678157806396e-01 2.129004669189453125e+01 -5.231479182839393616e-02 9.960932135581970215e-01 -7.113713771104812622e-02 -2.195564079284667969e+01 -1.697616130113601685e-01 6.132717430591583252e-02 9.835746288299560547e-01 3.326743469238281250e+02
9.838380813598632812e-01 6.476552784442901611e-02 1.669306904077529907e-01 2.151937294006347656e+01 -5.322401970624923706e-02 9.959312081336975098e-01 -7.271377742290496826e-02 -2.207971191406250000e+01 -1.709609925746917725e-01 6.265387684106826782e-02 9.832832217216491699e-01 3.340366516113281250e+02
9.838612079620361328e-01 6.537347286939620972e-02 1.665571480989456177e-01 2.175583267211914062e+01 -5.401642620563507080e-02 9.959525465965270996e-01 -7.183232158422470093e-02 -2.221299552917480469e+01 -1.705790907144546509e-01 6.167623028159141541e-02 9.834113121032714844e-01 3.354533996582031250e+02
9.838349819183349609e-01 6.648705899715423584e-02 1.662711054086685181e-01 2.198800849914550781e+01 -5.527553334832191467e-02 9.959306120872497559e-01 -7.117573171854019165e-02 -2.234235382080078125e+01 -1.703268736600875854e-01 6.083445996046066284e-02 9.835074543952941895e-01 3.368378295898437500e+02
9.838961958885192871e-01 6.607469171285629272e-02 1.660731881856918335e-01 2.222170448303222656e+01 -5.497353896498680115e-02 9.959896802902221680e-01 -7.057993859052658081e-02 -2.247051811218261719e+01 -1.700708568096160889e-01 6.031370908021926880e-02 9.835838675498962402e-01 3.382163696289062500e+02
9.838601350784301758e-01 6.648595631122589111e-02 1.661226451396942139e-01 2.245388221740722656e+01 -5.549291893839836121e-02 9.960041642189025879e-01 -6.996637582778930664e-02 -2.259873962402343750e+01 -1.701107621192932129e-01 5.961851030588150024e-02 9.836193323135375977e-01 3.396032104492187500e+02
9.836577177047729492e-01 6.824117898941040039e-02 1.666093021631240845e-01 2.268361473083496094e+01 -5.732431262731552124e-02 9.959343671798706055e-01 -6.948122382164001465e-02 -2.272780799865722656e+01 -1.706735640764236450e-01 5.879498273134231567e-02 9.835714101791381836e-01 3.409864807128906250e+02
9.835207462310791016e-01 6.780146062374114990e-02 1.675945371389389038e-01 2.291036605834960938e+01 -5.696598812937736511e-02 9.960132241249084473e-01 -6.864126026630401611e-02 -2.285388183593750000e+01 -1.715804934501647949e-01 5.796292424201965332e-02 9.834629893302917480e-01 3.423479614257812500e+02
9.831443428993225098e-01 6.852733343839645386e-02 1.694970726966857910e-01 2.314446830749511719e+01 -5.739731341600418091e-02 9.959134459495544434e-01 -6.972058862447738647e-02 -2.298151779174804688e+01 -1.735823154449462891e-01 5.881673470139503479e-02 9.830609560012817383e-01 3.437469482421875000e+02
9.828035831451416016e-01 6.858605146408081055e-02 1.714387238025665283e-01 2.338619422912597656e+01 -5.719636008143424988e-02 9.958686828613281250e-01 -7.052027434110641479e-02 -2.311336708068847656e+01 -1.755672991275787354e-01 5.950190871953964233e-02 9.826672077178955078e-01 3.451607971191406250e+02
9.823720455169677734e-01 6.829515099525451660e-02 1.740091443061828613e-01 2.363265228271484375e+01 -5.657637119293212891e-02 9.958382844924926758e-01 -7.144380360841751099e-02 -2.324550247192382812e+01 -1.781643778085708618e-01 6.033959239721298218e-02 9.821485280990600586e-01 3.465712890625000000e+02
9.821270704269409180e-01 7.014433294534683228e-02 1.746550202369689941e-01 2.387656021118164062e+01 -5.814114958047866821e-02 9.956408143043518066e-01 -7.292413711547851562e-02 -2.337188529968261719e+01 -1.790090352296829224e-01 6.146612763404846191e-02 9.819250702857971191e-01 3.479425354003906250e+02
9.822368025779724121e-01 7.038605213165283203e-02 1.739389449357986450e-01 2.412288093566894531e+01 -5.869306623935699463e-02 9.957128763198852539e-01 -7.148376107215881348e-02 -2.350376319885253906e+01 -1.782248467206954956e-01 6.000497192144393921e-02 9.821580648422241211e-01 3.493290710449218750e+02
9.822627902030944824e-01 7.157467305660247803e-02 1.733059734106063843e-01 2.436180114746093750e+01 -5.983397364616394043e-02 9.956038594245910645e-01 -7.205373048782348633e-02 -2.362833404541015625e+01 -1.777014583349227905e-01 6.040611118078231812e-02 9.822283387184143066e-01 3.506791076660156250e+02
9.822469353675842285e-01 7.165417075157165527e-02 1.733628958463668823e-01 2.460537147521972656e+01 -5.982451513409614563e-02 9.955697059631347656e-01 -7.253158837556838989e-02 -2.376217651367187500e+01 -1.777921766042709351e-01 6.087258085608482361e-02 9.821830987930297852e-01 3.520956726074218750e+02
9.818128347396850586e-01 7.265499979257583618e-02 1.753932982683181763e-01 2.484701347351074219e+01 -6.082248315215110779e-02 9.955530166625976562e-01 -7.192763686180114746e-02 -2.389552688598632812e+01 -1.798393726348876953e-01 5.995161831378936768e-02 9.818670153617858887e-01 3.534818420410156250e+02
9.816762208938598633e-01 7.282098382711410522e-02 1.760879158973693848e-01 2.509593772888183594e+01 -6.095746904611587524e-02 9.955485463142395020e-01 -7.187517732381820679e-02 -2.402497291564941406e+01 -1.805382370948791504e-01 5.982427671551704407e-02 9.817465543746948242e-01 3.548652343750000000e+02
9.814750552177429199e-01 7.347668707370758057e-02 1.769348233938217163e-01 2.534576606750488281e+01 -6.168692186474800110e-02 9.955490231513977051e-01 -7.124368101358413696e-02 -2.415993881225585938e+01 -1.813821643590927124e-01 5.900932475924491882e-02 9.816403388977050781e-01 3.562794189453125000e+02
9.809699058532714844e-01 7.314997911453247070e-02 1.798473745584487915e-01 2.559255790710449219e+01 -6.100828573107719421e-02 9.955257773399353027e-01 -7.214681804180145264e-02 -2.428894805908203125e+01 -1.843203604221343994e-01 5.980167537927627563e-02 9.810448884963989258e-01 3.576542968750000000e+02
9.805263280868530273e-01 7.448669523000717163e-02 1.817081570625305176e-01 2.583936119079589844e+01 -6.196705251932144165e-02 9.953573942184448242e-01 -7.363770157098770142e-02 -2.441827774047851562e+01 -1.863497048616409302e-01 6.094378232955932617e-02 9.805911779403686523e-01 3.590106506347656250e+02
9.804043173789978027e-01 7.330202311277389526e-02 1.828442215919494629e-01 2.608546066284179688e+01 -6.087481230497360229e-02 9.954948425292968750e-01 -7.268412411212921143e-02 -2.454871368408203125e+01 -1.873485147953033447e-01 6.012921407818794250e-02 9.804511070251464844e-01 3.603601684570312500e+02
9.801059365272521973e-01 7.349999248981475830e-02 1.843580454587936401e-01 2.634387969970703125e+01 -6.072709336876869202e-02 9.954065084457397461e-01 -7.400497794151306152e-02 -2.468351745605468750e+01 -1.889507323503494263e-01 6.133717671036720276e-02 9.800687432289123535e-01 3.617665405273437500e+02
9.795907139778137207e-01 7.293973863124847412e-02 1.872956901788711548e-01 2.659872055053710938e+01 -6.019511818885803223e-02 9.955231547355651855e-01 -7.286152988672256470e-02 -2.481797218322753906e+01 -1.917718648910522461e-01 6.010016798973083496e-02 9.795973300933837891e-01 3.631466369628906250e+02
9.793305993080139160e-01 7.328613102436065674e-02 1.885166466236114502e-01 2.686117744445800781e+01 -6.026669964194297791e-02 9.954423904418945312e-01 -7.389865815639495850e-02 -2.494800567626953125e+01 -1.930733472108840942e-01 6.100992113351821899e-02 9.792853593826293945e-01 3.645315856933593750e+02
9.796494841575622559e-01 7.227684557437896729e-02 1.872451901435852051e-01 2.712617683410644531e+01 -5.962740257382392883e-02 9.955956935882568359e-01 -7.233610004186630249e-02 -2.508154869079589844e+01 -1.916488558053970337e-01 5.969905853271484375e-02 9.796459078788757324e-01 3.659197998046875000e+02
9.793181419372558594e-01 7.319252192974090576e-02 1.886174976825714111e-01 2.738410186767578125e+01 -6.023988500237464905e-02 9.954720735549926758e-01 -7.351980358362197876e-02 -2.521264839172363281e+01 -1.931446939706802368e-01 6.063696742057800293e-02 9.792944788932800293e-01 3.673078613281250000e+02
9.788808822631835938e-01 7.320701330900192261e-02 1.908682137727737427e-01 2.764456176757812500e+01 -6.009926646947860718e-02 9.954754710197448730e-01 -7.358894497156143188e-02 -2.534731674194335938e+01 -1.953919827938079834e-01 6.056375801563262939e-02 9.788531064987182617e-01 3.686862182617187500e+02
9.785642027854919434e-01 7.422050833702087402e-02 1.920967251062393188e-01 2.791673469543457031e+01 -6.075477227568626404e-02 9.953249692916870117e-01 -7.507207989692687988e-02 -2.547991371154785156e+01 -1.967706680297851562e-01 6.179204955697059631e-02 9.785001277923583984e-01 3.700963134765625000e+02
9.784505963325500488e-01 7.545600086450576782e-02 1.921938061714172363e-01 2.818659400939941406e+01 -6.223753467202186584e-02 9.953197836875915527e-01 -7.391767203807830811e-02 -2.561333084106445312e+01 -1.968719214200973511e-01 6.036311388015747070e-02 9.785689711570739746e-01 3.714759826660156250e+02
9.780442714691162109e-01 7.675798237323760986e-02 1.937401145696640015e-01 2.845540046691894531e+01 -6.335248798131942749e-02 9.952079057693481445e-01 -7.447417825460433960e-02 -2.574664688110351562e+01 -1.985282748937606812e-01 6.056511774659156799e-02 9.782217741012573242e-01 3.728538818359375000e+02
