9.999982118606567383e-01 -1.881494070403277874e-03 -5.517269892152398825e-05 -1.760199957061558962e-04 1.881461939774453640e-03 9.999980926513671875e-01 -5.779227940365672112e-04 -2.047471329569816589e-02 5.625995254376903176e-05 5.778180202469229698e-04 9.999998211860656738e-01 1.135718703269958496e+00
9.999960660934448242e-01 -2.801975002512335777e-03 -5.755812162533402443e-05 1.100712106563150883e-04 2.801951719447970390e-03 9.999960660934448242e-01 -4.003314534202218056e-04 -4.118862748146057129e-02 5.867961226613260806e-05 4.001686465926468372e-04 9.999999403953552246e-01 2.303743839263916016e+00
9.999855756759643555e-01 -5.284381099045276642e-03 9.317583171650767326e-04 2.023988170549273491e-03 5.285752937197685242e-03 9.999850392341613770e-01 -1.476040924899280071e-03 -6.326875835657119751e-02 -9.239441715180873871e-04 1.480944803915917873e-03 9.999985098838806152e-01 3.495797634124755859e+00
9.999777078628540039e-01 -6.659833248704671860e-03 3.308932646177709103e-04 4.803042858839035034e-03 6.660406477749347687e-03 9.999763369560241699e-01 -1.762209110893309116e-03 -8.364345878362655640e-02 -3.191492287442088127e-04 1.764373853802680969e-03 9.999983906745910645e-01 4.615612983703613281e+00
9.999636411666870117e-01 -8.472887799143791199e-03 8.889578748494386673e-04 2.827312331646680832e-03 8.473706431686878204e-03 9.999637603759765625e-01 -9.221098152920603752e-04 -1.072464436292648315e-01 -8.811125298961997032e-04 9.296092903241515160e-04 9.999991655349731445e-01 5.784038543701171875e+00
9.999369978904724121e-01 -1.115212868899106979e-02 1.188160851597785950e-03 5.992935039103031158e-03 1.115249283611774445e-02 9.999378919601440430e-01 -3.010484506376087666e-04 -1.345452219247817993e-01 -1.184729393571615219e-03 3.142807981930673122e-04 9.999992251396179199e-01 7.108283996582031250e+00
9.999134540557861328e-01 -1.308006606996059418e-02 1.359673449769616127e-03 7.281489670276641846e-03 1.308064721524715424e-02 9.999144673347473145e-01 -4.194450157228857279e-04 -1.557929366827011108e-01 -1.354070380330085754e-03 4.371944523882120848e-04 9.999989867210388184e-01 8.273307800292968750e+00
9.999010562896728516e-01 -1.405711285769939423e-02 -4.299974534660577774e-04 8.821873925626277924e-03 1.405670493841171265e-02 9.999008774757385254e-01 -9.390655905008316040e-04 -1.810739934444427490e-01 4.431556444615125656e-04 9.329285239800810814e-04 9.999994635581970215e-01 9.481896400451660156e+00
9.998745322227478027e-01 -1.559472735971212387e-02 -2.761045238003134727e-03 4.818473942577838898e-03 1.558982860296964645e-02 9.998769760131835938e-01 -1.787210232578217983e-03 -2.052101194858551025e-01 2.788576763123273849e-03 1.743941917084157467e-03 9.999945759773254395e-01 1.070204257965087891e+01
9.998342990875244141e-01 -1.798909157514572144e-02 -2.784795360639691353e-03 2.124394755810499191e-03 1.798298582434654236e-02 9.998359680175781250e-01 -2.203580690547823906e-03 -2.294396609067916870e-01 2.823979128152132034e-03 2.153136534616351128e-03 9.999936819076538086e-01 1.191915512084960938e+01
9.998088479042053223e-01 -1.923877373337745667e-02 -3.491968847811222076e-03 -3.592916764318943024e-04 1.922807842493057251e-02 9.998105168342590332e-01 -3.072197549045085907e-03 -2.561767697334289551e-01 3.550412831827998161e-03 3.004466416314244270e-03 9.999891519546508789e-01 1.317782497406005859e+01
9.997803568840026855e-01 -2.079850807785987854e-02 -2.594221848994493484e-03 -2.613068558275699615e-03 2.079007960855960846e-02 9.997787475585937500e-01 -3.235970390960574150e-03 -2.848290205001831055e-01 2.660951577126979828e-03 3.181325504556298256e-03 9.999913573265075684e-01 1.444223976135253906e+01
9.997482299804687500e-01 -2.231005392968654633e-02 -2.436562441289424896e-03 -5.243043415248394012e-03 2.230155095458030701e-02 9.997453689575195312e-01 -3.464472712948918343e-03 -3.079165518283843994e-01 2.513235202059149742e-03 3.409261116757988930e-03 9.999909400939941406e-01 1.559461021423339844e+01
9.996905326843261719e-01 -2.478867769241333008e-02 -2.146139973774552345e-03 -8.631529286503791809e-03 2.478319592773914337e-02 9.996896982192993164e-01 -2.545590745285153389e-03 -3.385260105133056641e-01 2.208576770499348640e-03 2.491614781320095062e-03 9.999943375587463379e-01 1.695072746276855469e+01
9.996286034584045410e-01 -2.717637456953525543e-02 -2.080898266285657883e-03 -1.110228430479764938e-02 2.717023529112339020e-02 9.996266365051269531e-01 -2.925390843302011490e-03 -3.683848083019256592e-01 2.159623894840478897e-03 2.867765724658966064e-03 9.999934434890747070e-01 1.825824546813964844e+01
9.995916485786437988e-01 -2.857695147395133972e-02 1.841713674366474152e-04 -1.157180778682231903e-02 2.857743762433528900e-02 9.995849728584289551e-01 -3.653509309515357018e-03 -3.981775343418121338e-01 -7.968721911311149597e-05 3.657280001789331436e-03 9.999932050704956055e-01 1.958446311950683594e+01
9.995502829551696777e-01 -2.998863160610198975e-02 9.197380131809040904e-05 -8.673625066876411438e-03 2.998876757919788361e-02 9.995433688163757324e-01 -3.721323329955339432e-03 -4.278875887393951416e-01 1.966712443390861154e-05 3.722407389432191849e-03 9.999929666519165039e-01 2.089651298522949219e+01
9.994775652885437012e-01 -3.230530768632888794e-02 1.074370928108692169e-03 -7.432959042489528656e-03 3.230953961610794067e-02 9.994692206382751465e-01 -4.185305442661046982e-03 -4.578769207000732422e-01 -9.385913726873695850e-04 4.217830486595630646e-03 9.999905824661254883e-01 2.205661392211914062e+01
9.994254708290100098e-01 -3.389099985361099243e-02 -5.610552616417407990e-04 -6.459102500230073929e-03 3.388791531324386597e-02 9.994141459465026855e-01 -4.810221027582883835e-03 -4.862342178821563721e-01 7.237511454150080681e-04 4.788443446159362793e-03 9.999881982803344727e-01 2.331307983398437500e+01
9.993485212326049805e-01 -3.605588153004646301e-02 1.617826987057924271e-03 -4.918667487800121307e-03 3.606463968753814697e-02 9.993329644203186035e-01 -5.755917169153690338e-03 -5.133756399154663086e-01 -1.409211196005344391e-03 5.810513161122798920e-03 9.999820590019226074e-01 2.454588508605957031e+01
9.992940425872802734e-01 -3.753836825489997864e-02 1.504328334704041481e-03 -2.213756553828716278e-03 3.754681721329689026e-02 9.992766380310058594e-01 -6.048272829502820969e-03 -5.449861884117126465e-01 -1.276195864193141460e-03 6.100486032664775848e-03 9.999805092811584473e-01 2.581116104125976562e+01
9.992502927780151367e-01 -3.868246451020240784e-02 1.589163090102374554e-03 -4.731481894850730896e-04 3.869239613413810730e-02 9.992281794548034668e-01 -6.784495897591114044e-03 -5.774007439613342285e-01 -1.325493562035262585e-03 6.840898655354976654e-03 9.999756217002868652e-01 2.705715370178222656e+01
9.991791844367980957e-01 -4.044667258858680725e-02 2.237128792330622673e-03 7.880073972046375275e-04 4.045920819044113159e-02 9.991639256477355957e-01 -5.875780712813138962e-03 -6.106057763099670410e-01 -1.997600775212049484e-03 5.961471237242221832e-03 9.999801516532897949e-01 2.832164382934570312e+01
9.990920424461364746e-01 -4.253989830613136292e-02 2.340428531169891357e-03 5.719204433262348175e-03 4.255407676100730896e-02 9.990737438201904297e-01 -6.384598091244697571e-03 -6.414728760719299316e-01 -2.066658576950430870e-03 6.478396244347095490e-03 9.999768137931823730e-01 2.959403610229492188e+01
9.990243315696716309e-01 -4.411254450678825378e-02 2.135735703632235527e-03 1.029574498534202576e-02 4.412587359547615051e-02 9.990038275718688965e-01 -6.657346151769161224e-03 -6.707462668418884277e-01 -1.839933684095740318e-03 6.745092570781707764e-03 9.999755024909973145e-01 3.083441925048828125e+01
9.989657402038574219e-01 -4.538255557417869568e-02 2.826428972184658051e-03 1.683695986866950989e-02 4.539962857961654663e-02 9.989490509033203125e-01 -6.302690133452415466e-03 -7.057849168777465820e-01 -2.537424210458993912e-03 6.424490828067064285e-03 9.999760985374450684e-01 3.216131591796875000e+01
9.988676309585571289e-01 -4.736502841114997864e-02 4.493344575166702271e-03 2.244396880269050598e-02 4.739374667406082153e-02 9.988550543785095215e-01 -6.515936926007270813e-03 -7.415530681610107422e-01 -4.179569892585277557e-03 6.721515208482742310e-03 9.999685883522033691e-01 3.352925491333007812e+01
9.987461566925048828e-01 -4.959352687001228333e-02 6.835266482084989548e-03 3.061496466398239136e-02 4.963605850934982300e-02 9.987481832504272461e-01 -6.199361756443977356e-03 -7.757276296615600586e-01 -6.519258487969636917e-03 6.530865095555782318e-03 9.999573230743408203e-01 3.491662979125976562e+01
9.986124038696289062e-01 -5.199547484517097473e-02 8.364258334040641785e-03 4.295489192008972168e-02 5.204543471336364746e-02 9.986275434494018555e-01 -5.869685206562280655e-03 -8.074049353599548340e-01 -8.047577925026416779e-03 6.296862848103046417e-03 9.999476671218872070e-01 3.620630264282226562e+01
9.984936714172363281e-01 -5.395693331956863403e-02 9.964308701455593109e-03 5.546334013342857361e-02 5.400421470403671265e-02 9.985304474830627441e-01 -4.538069479167461395e-03 -8.363817334175109863e-01 -9.704801253974437714e-03 5.069348961114883423e-03 9.999399781227111816e-01 3.740634918212890625e+01
9.984061121940612793e-01 -5.536103621125221252e-02 1.098116207867860794e-02 7.074409723281860352e-02 5.542162433266639709e-02 9.984490871429443359e-01 -5.291802342981100082e-03 -8.640782833099365234e-01 -1.067116577178239822e-02 5.891962442547082901e-03 9.999256730079650879e-01 3.869552230834960938e+01
9.982784986495971680e-01 -5.748967453837394714e-02 1.162488199770450592e-02 8.699335157871246338e-02 5.755966156721115112e-02 9.983254075050354004e-01 -5.778400693088769913e-03 -8.969994783401489258e-01 -1.127321086823940277e-02 6.437577772885560989e-03 9.999157190322875977e-01 3.993059158325195312e+01
9.981740117073059082e-01 -5.929628387093544006e-02 1.152268890291452408e-02 1.028335094451904297e-01 5.936732888221740723e-02 9.982186555862426758e-01 -5.924779921770095825e-03 -9.288522601127624512e-01 -1.115083973854780197e-02 6.598033010959625244e-03 9.999160766601562500e-01 4.121552658081054688e+01
9.980745911598205566e-01 -6.072597578167915344e-02 1.263219397515058517e-02 1.210686266422271729e-01 6.080357730388641357e-02 9.981325864791870117e-01 -5.852924194186925888e-03 -9.584439992904663086e-01 -1.225317362695932388e-02 6.609738338738679886e-03 9.999031424522399902e-01 4.249550628662109375e+01
9.979342818260192871e-01 -6.282690167427062988e-02 1.342109497636556625e-02 1.394656449556350708e-01 6.292419880628585815e-02 9.979940652847290039e-01 -6.954828742891550064e-03 -9.880170822143554688e-01 -1.295721624046564102e-02 7.784974295645952225e-03 9.998858571052551270e-01 4.369789886474609375e+01
9.977771639823913574e-01 -6.505303084850311279e-02 1.445868425071239471e-02 1.606154888868331909e-01 6.514339148998260498e-02 9.978586435317993164e-01 -5.869057029485702515e-03 -1.021478772163391113e+00 -1.404591649770736694e-02 6.797899492084980011e-03 9.998783469200134277e-01 4.501744079589843750e+01
9.976364970207214355e-01 -6.702081859111785889e-02 1.516302023082971573e-02 1.828922182321548462e-01 6.711163371801376343e-02 9.977300167083740234e-01 -5.561249330639839172e-03 -1.056586265563964844e+00 -1.475587394088506699e-02 6.565720774233341217e-03 9.998696446418762207e-01 4.636523056030273438e+01
9.974882602691650391e-01 -6.879826635122299194e-02 1.686122268438339233e-02 2.039475142955780029e-01 6.891072541475296021e-02 9.976036548614501953e-01 -6.181146949529647827e-03 -1.089867115020751953e+00 -1.639555767178535461e-02 7.327540777623653412e-03 9.998388290405273438e-01 4.763887786865234375e+01
9.973449707031250000e-01 -7.089140266180038452e-02 1.666670851409435272e-02 2.262746989727020264e-01 7.100106030702590942e-02 9.974576830863952637e-01 -6.081672850996255875e-03 -1.119431614875793457e+00 -1.619319245219230652e-02 7.248879410326480865e-03 9.998427033424377441e-01 4.890953063964843750e+01
9.972102642059326172e-01 -7.291825860738754272e-02 1.596811972558498383e-02 2.468006312847137451e-01 7.300999760627746582e-02 9.973174333572387695e-01 -5.239722784608602524e-03 -1.145614266395568848e+00 -1.554320473223924637e-02 6.390937138348817825e-03 9.998588562011718750e-01 5.007938003540039062e+01
9.971018433570861816e-01 -7.425609976053237915e-02 1.656045950949192047e-02 2.667424082756042480e-01 7.434660941362380981e-02 9.972202777862548828e-01 -4.918992053717374802e-03 -1.173647761344909668e+00 -1.614915393292903900e-02 6.135949864983558655e-03 9.998508095741271973e-01 5.132551574707031250e+01
9.969570040702819824e-01 -7.595463842153549194e-02 1.754687167704105377e-02 2.893986105918884277e-01 7.604535669088363647e-02 9.970938563346862793e-01 -4.562701098620891571e-03 -1.203580737113952637e+00 -1.714931242167949677e-02 5.883174948394298553e-03 9.998356699943542480e-01 5.262011337280273438e+01
9.968984127044677734e-01 -7.666011154651641846e-02 1.780378818511962891e-02 3.151003420352935791e-01 7.674843072891235352e-02 9.970409870147705078e-01 -4.331679549068212509e-03 -1.233452320098876953e+00 -1.741903275251388550e-02 5.684657488018274307e-03 9.998321533203125000e-01 5.388182449340820312e+01
9.967536926269531250e-01 -7.838723808526992798e-02 1.837647520005702972e-02 3.379854261875152588e-01 7.846512645483016968e-02 9.969104528427124023e-01 -3.556491807103157043e-03 -1.261463165283203125e+00 -1.804090850055217743e-02 4.986858926713466644e-03 9.998248219490051270e-01 5.518479156494140625e+01
9.965949058532714844e-01 -7.999833673238754272e-02 1.997441798448562622e-02 3.629410564899444580e-01 8.008906990289688110e-02 9.967804551124572754e-01 -3.784420667216181755e-03 -1.288189888000488281e+00 -1.960735395550727844e-02 5.371266975998878479e-03 9.997933506965637207e-01 5.644128799438476562e+01
9.964122176170349121e-01 -8.189236372709274292e-02 2.136585116386413574e-02 3.898393213748931885e-01 8.199844509363174438e-02 9.966238141059875488e-01 -4.136569797992706299e-03 -1.314624190330505371e+00 -2.095495164394378662e-02 5.873695015907287598e-03 9.997631907463073730e-01 5.767333602905273438e+01
9.962542653083801270e-01 -8.359175175428390503e-02 2.213596366345882416e-02 4.203809201717376709e-01 8.368485420942306519e-02 9.964866638183593750e-01 -3.313250606879591942e-03 -1.344414710998535156e+00 -2.178122289478778839e-02 5.153284873813390732e-03 9.997494816780090332e-01 5.902820968627929688e+01
9.960929155349731445e-01 -8.576205372810363770e-02 2.107034251093864441e-02 4.523029625415802002e-01 8.585162460803985596e-02 9.963020682334899902e-01 -3.383551957085728645e-03 -1.376667976379394531e+00 -2.070223726332187653e-02 5.179254803806543350e-03 9.997722506523132324e-01 6.041757202148437500e+01
9.959435462951660156e-01 -8.740147948265075684e-02 2.138879708945751190e-02 4.799764454364776611e-01 8.749949932098388672e-02 9.961575865745544434e-01 -3.690351732075214386e-03 -1.407580971717834473e+00 -2.098406106233596802e-02 5.546890664845705032e-03 9.997643828392028809e-01 6.171239471435546875e+01
9.956831932067871094e-01 -9.008666127920150757e-02 2.234826236963272095e-02 5.088611841201782227e-01 9.016733616590499878e-02 9.959229826927185059e-01 -2.627906855195760727e-03 -1.435317158699035645e+00 -2.202040143311023712e-02 4.631645511835813522e-03 9.997467398643493652e-01 6.293304824829101562e+01
9.954546689987182617e-01 -9.216128289699554443e-02 2.400610595941543579e-02 5.432031154632568359e-01 9.224168211221694946e-02 9.957338571548461914e-01 -2.262144582346081734e-03 -1.461289525032043457e+00 -2.369520440697669983e-02 4.466225393116474152e-03 9.997091889381408691e-01 6.430099487304687500e+01
9.951503872871398926e-01 -9.483757615089416504e-02 2.610433287918567657e-02 5.785304903984069824e-01 9.493584930896759033e-02 9.954799413681030273e-01 -2.549830358475446701e-03 -1.490006327629089355e+00 -2.574451267719268799e-02 5.015701986849308014e-03 9.996559023857116699e-01 6.563128662109375000e+01
9.949509501457214355e-01 -9.673894941806793213e-02 2.672007307410240173e-02 6.173452138900756836e-01 9.683531522750854492e-02 9.952974915504455566e-01 -2.334614517167210579e-03 -1.515553355216979980e+00 -2.636856585741043091e-02 4.910273943096399307e-03 9.996401071548461914e-01 6.689723968505859375e+01
9.948199987411499023e-01 -9.810809791088104248e-02 2.660425007343292236e-02 6.542949080467224121e-01 9.821043163537979126e-02 9.951621890068054199e-01 -2.565613249316811562e-03 -1.541970372200012207e+00 -2.622382901608943939e-02 5.165138747543096542e-03 9.996426105499267578e-01 6.820871734619140625e+01
9.945813417434692383e-01 -1.003499776124954224e-01 2.715968154370784760e-02 6.918758749961853027e-01 1.004380881786346436e-01 9.949412941932678223e-01 -1.897437730804085732e-03 -1.575507879257202148e+00 -2.683187276124954224e-02 4.615022800862789154e-03 9.996291995048522949e-01 6.958261871337890625e+01
9.943370819091796875e-01 -1.025192216038703918e-01 2.798762917518615723e-02 7.277401089668273926e-01 1.026046499609947205e-01 9.947206974029541016e-01 -1.630719518288969994e-03 -1.599071502685546875e+00 -2.767268568277359009e-02 4.493145737797021866e-03 9.996068477630615234e-01 7.084689331054687500e+01
9.941034913063049316e-01 -1.046496555209159851e-01 2.839687652885913849e-02 7.670383453369140625e-01 1.047476753592491150e-01 9.944966435432434082e-01 -1.983372960239648819e-03 -1.624275922775268555e+00 -2.803303301334381104e-02 4.946185275912284851e-03 9.995946884155273438e-01 7.215029144287109375e+01
9.939596056938171387e-01 -1.059563234448432922e-01 2.858718857169151306e-02 8.077257871627807617e-01 1.060457006096839905e-01 9.943597316741943359e-01 -1.625640434212982655e-03 -1.651729345321655273e+00 -2.825369499623775482e-02 4.647369962185621262e-03 9.995899200439453125e-01 7.343879699707031250e+01
9.938009381294250488e-01 -1.071180403232574463e-01 2.975057996809482574e-02 8.486965894699096680e-01 1.071966141462326050e-01 9.942370653152465820e-01 -1.055334461852908134e-03 -1.679642915725708008e+00 -2.946607582271099091e-02 4.237954039126634598e-03 9.995567202568054199e-01 7.478025054931640625e+01
9.934746623039245605e-01 -1.098875999450683594e-01 3.053679130971431732e-02 8.893725275993347168e-01 1.099591702222824097e-01 9.939356446266174316e-01 -6.703041726723313332e-04 -1.705622792243957520e+00 -3.027794137597084045e-02 4.023730754852294922e-03 9.995333552360534668e-01 7.609652709960937500e+01
9.931908249855041504e-01 -1.120613291859626770e-01 3.184231370687484741e-02 9.305619001388549805e-01 1.121265664696693420e-01 9.936937093734741211e-01 -2.657576696947216988e-04 -1.732366561889648438e+00 -3.161172196269035339e-02 3.834317903965711594e-03 9.994927644729614258e-01 7.740904998779296875e+01
9.930472970008850098e-01 -1.133647188544273376e-01 3.170562162995338440e-02 9.714674949645996094e-01 1.134463250637054443e-01 9.935436248779296875e-01 -7.817961741238832474e-04 -1.755044341087341309e+00 -3.141228482127189636e-02 4.373247269541025162e-03 9.994968771934509277e-01 7.865573120117187500e+01
9.927090406417846680e-01 -1.156929507851600647e-01 3.382014483213424683e-02 1.015264630317687988e+00 1.157398819923400879e-01 9.932791590690612793e-01 5.727249663323163986e-04 -1.775407433509826660e+00 -3.365910053253173828e-02 3.345790319144725800e-03 9.994276762008666992e-01 7.995790100097656250e+01
9.924077987670898438e-01 -1.177207157015800476e-01 3.561431914567947388e-02 1.062276840209960938e+00 1.177499443292617798e-01 9.930422306060791016e-01 1.282336306758224964e-03 -1.798256039619445801e+00 -3.551747649908065796e-02 2.920983359217643738e-03 9.993647336959838867e-01 8.130583190917968750e+01
9.922024011611938477e-01 -1.189269497990608215e-01 3.728920966386795044e-02 1.112417936325073242e+00 1.189961284399032593e-01 9.928944110870361328e-01 3.659327048808336258e-04 -1.816709637641906738e+00 -3.706776723265647888e-02 4.074193071573972702e-03 9.993043541908264160e-01 8.264526367187500000e+01
9.919881820678710938e-01 -1.203569993376731873e-01 3.838384523987770081e-02 1.164025783538818359e+00 1.204136461019515991e-01 9.927232265472412109e-01 8.403520332649350166e-04 -1.836518764495849609e+00 -3.820567578077316284e-02 3.788320347666740417e-03 9.992626309394836426e-01 8.395007324218750000e+01
9.917091131210327148e-01 -1.220855489373207092e-01 4.009668529033660889e-02 1.215967416763305664e+00 1.221571937203407288e-01 9.925103187561035156e-01 6.669246940873563290e-04 -1.859628558158874512e+00 -3.987779095768928528e-02 4.236704669892787933e-03 9.991955161094665527e-01 8.521363067626953125e+01
9.914378523826599121e-01 -1.242007985711097717e-01 4.030818119645118713e-02 1.268692612648010254e+00 1.242491304874420166e-01 9.922499656677246094e-01 1.312847947701811790e-03 -1.884682536125183105e+00 -4.015884548425674438e-02 3.706650342792272568e-03 9.991863369941711426e-01 8.653186035156250000e+01
9.912880063056945801e-01 -1.254358291625976562e-01 4.016965255141258240e-02 1.323176145553588867e+00 1.254929751157760620e-01 9.920936822891235352e-01 1.104372320696711540e-03 -1.905337452888488770e+00 -3.999058529734611511e-02 3.946260083466768265e-03 9.991921186447143555e-01 8.774594116210937500e+01
9.909583330154418945e-01 -1.278604716062545776e-01 4.065601527690887451e-02 1.375120878219604492e+00 1.278862506151199341e-01 9.917866587638854980e-01 1.975497230887413025e-03 -1.927062034606933594e+00 -4.057468101382255554e-02 3.241711528971791267e-03 9.991711378097534180e-01 8.895049285888671875e+01
9.907245635986328125e-01 -1.292688846588134766e-01 4.188079386949539185e-02 1.429288387298583984e+00 1.292828768491744995e-01 9.916046857833862305e-01 2.384344115853309631e-03 -1.947131514549255371e+00 -4.183741286396980286e-02 3.052242798730731010e-03 9.991196393966674805e-01 9.021118164062500000e+01
9.905374646186828613e-01 -1.306015700101852417e-01 4.217085614800453186e-02 1.486948251724243164e+00 1.306107938289642334e-01 9.914302229881286621e-01 2.547367708757519722e-03 -1.969519376754760742e+00 -4.214215278625488281e-02 2.984707010909914970e-03 9.991070032119750977e-01 9.148931121826171875e+01
9.904054999351501465e-01 -1.316246092319488525e-01 4.208940267562866211e-02 1.540672421455383301e+00 1.316553652286529541e-01 9.912932515144348145e-01 2.051744610071182251e-03 -1.987486958503723145e+00 -4.199299961328506470e-02 3.509238129481673241e-03 9.991115927696228027e-01 9.269693756103515625e+01
9.902068376541137695e-01 -1.329958140850067139e-01 4.245145246386528015e-02 1.598589658737182617e+00 1.330302655696868896e-01 9.911097884178161621e-01 2.024442423135042191e-03 -2.008641242980957031e+00 -4.234329238533973694e-02 3.642712952569127083e-03 9.990963339805603027e-01 9.396898651123046875e+01
9.898573756217956543e-01 -1.353194415569305420e-01 4.325089976191520691e-02 1.655825018882751465e+00 1.353307515382766724e-01 9.907966852188110352e-01 2.679249038919806480e-03 -2.031577825546264648e+00 -4.321540519595146179e-02 3.201104700565338135e-03 9.990605115890502930e-01 9.526395416259765625e+01
9.895808696746826172e-01 -1.369386017322540283e-01 4.446520656347274780e-02 1.714836716651916504e+00 1.369557529687881470e-01 9.905734062194824219e-01 2.674480434507131577e-03 -2.048549890518188477e+00 -4.441229254007339478e-02 3.443152876570820808e-03 9.990072250366210938e-01 9.652918243408203125e+01
9.892414212226867676e-01 -1.389831006526947021e-01 4.566088318824768066e-02 1.772265434265136719e+00 1.389537602663040161e-01 9.902912974357604980e-01 3.831026144325733185e-03 -2.067556142807006836e+00 -4.575002565979957581e-02 2.554943552240729332e-03 9.989495277404785156e-01 9.775334930419921875e+01
9.889292716979980469e-01 -1.409761309623718262e-01 4.630682617425918579e-02 1.833811163902282715e+00 1.409339606761932373e-01 9.900099635124206543e-01 4.190214443951845169e-03 -2.087146520614624023e+00 -4.643494635820388794e-02 2.382380655035376549e-03 9.989183545112609863e-01 9.905312347412109375e+01
9.887034296989440918e-01 -1.422060728073120117e-01 4.735659062862396240e-02 1.895226001739501953e+00 1.421458721160888672e-01 9.898346066474914551e-01 4.653023555874824524e-03 -2.104207515716552734e+00 -4.753688722848892212e-02 2.131085377186536789e-03 9.988670945167541504e-01 1.003275146484375000e+02
9.885038137435913086e-01 -1.434805095195770264e-01 4.767845198512077332e-02 1.955167770385742188e+00 1.434405148029327393e-01 9.896495342254638672e-01 4.276315215975046158e-03 -2.118543863296508789e+00 -4.779853671789169312e-02 2.611870877444744110e-03 9.988534450531005859e-01 1.015513687133789062e+02
9.882526993751525879e-01 -1.447500884532928467e-01 4.902740567922592163e-02 2.019079923629760742e+00 1.447376012802124023e-01 9.894624948501586914e-01 3.822910599410533905e-03 -2.134443521499633789e+00 -4.906415939331054688e-02 3.318110713735222816e-03 9.987899661064147949e-01 1.028165130615234375e+02
9.880161881446838379e-01 -1.465008854866027832e-01 4.859108850359916687e-02 2.082557678222656250e+00 1.464591473340988159e-01 9.892065525054931641e-01 4.437285009771585464e-03 -2.153571367263793945e+00 -4.871670901775360107e-02 2.732502529397606850e-03 9.988087415695190430e-01 1.040492019653320312e+02
9.877803921699523926e-01 -1.479670405387878418e-01 4.894085973501205444e-02 2.148603916168212891e+00 1.479272246360778809e-01 9.889879822731018066e-01 4.454088862985372543e-03 -2.170810461044311523e+00 -4.906100034713745117e-02 2.840026980265974998e-03 9.987915754318237305e-01 1.053581848144531250e+02
9.874392151832580566e-01 -1.498755067586898804e-01 5.000721290707588196e-02 2.215119123458862305e+00 1.498266607522964478e-01 9.887006282806396484e-01 4.744656849652528763e-03 -2.188969373703002930e+00 -5.015329271554946899e-02 2.807355951517820358e-03 9.987374544143676758e-01 1.066188812255859375e+02
9.872835278511047363e-01 -1.509470790624618530e-01 4.985770583152770996e-02 2.283718109130859375e+00 1.508668214082717896e-01 9.885390996932983398e-01 5.390802863985300064e-03 -2.205381870269775391e+00 -5.010003969073295593e-02 2.199624199420213699e-03 9.987416267395019531e-01 1.079253387451171875e+02
9.870591163635253906e-01 -1.525660008192062378e-01 4.937011003494262695e-02 2.347222566604614258e+00 1.524085551500320435e-01 9.882926940917968750e-01 6.960258353501558304e-03 -2.221206426620483398e+00 -4.985404387116432190e-02 6.542407209053635597e-04 9.987561106681823730e-01 1.092231445312500000e+02
9.866428971290588379e-01 -1.547167450189590454e-01 5.097020789980888367e-02 2.417812347412109375e+00 1.545358747243881226e-01 9.879583120346069336e-01 7.494271732866764069e-03 -2.237528562545776367e+00 -5.151596292853355408e-02 4.825556825380772352e-04 9.986718893051147461e-01 1.106267929077148438e+02
9.862085580825805664e-01 -1.567045748233795166e-01 5.325300246477127075e-02 2.493006467819213867e+00 1.564812511205673218e-01 9.876450896263122559e-01 8.363403379917144775e-03 -2.253033161163330078e+00 -5.390568077564239502e-02 8.503568824380636215e-05 9.985458850860595703e-01 1.120105819702148438e+02
9.858992695808410645e-01 -1.587694138288497925e-01 5.286243185400962830e-02 2.567180395126342773e+00 1.585451066493988037e-01 9.873151779174804688e-01 8.436481468379497528e-03 -2.269674777984619141e+00 -5.353136733174324036e-02 6.355873483698815107e-05 9.985660314559936523e-01 1.133690948486328125e+02
9.857188463211059570e-01 -1.600717008113861084e-01 5.229663848876953125e-02 2.646210193634033203e+00 1.598043292760848999e-01 9.871045351028442383e-01 9.281444363296031952e-03 -2.286222457885742188e+00 -5.310797691345214844e-02 -7.916662143543362617e-04 9.985883235931396484e-01 1.148222961425781250e+02
9.853383898735046387e-01 -1.622970700263977051e-01 5.260572209954261780e-02 2.719138860702514648e+00 1.620300859212875366e-01 9.867411851882934570e-01 9.329068474471569061e-03 -2.299108982086181641e+00 -5.342234671115875244e-02 -6.685805274173617363e-04 9.985716342926025391e-01 1.161978988647460938e+02
9.848952293395996094e-01 -1.643905490636825562e-01 5.437460169196128845e-02 2.793000221252441406e+00 1.641148030757904053e-01 9.863947629928588867e-01 9.528270922601222992e-03 -2.312325716018676758e+00 -5.520121008157730103e-02 -4.606712609529495239e-04 9.984749555587768555e-01 1.175281219482421875e+02
9.844740033149719238e-01 -1.664303392171859741e-01 5.578009039163589478e-02 2.869676113128662109e+00 1.661648899316787720e-01 9.860527515411376953e-01 9.395799599587917328e-03 -2.326052665710449219e+00 -5.656589195132255554e-02 1.877284375950694084e-05 9.983986616134643555e-01 1.188388977050781250e+02
9.842476248741149902e-01 -1.677754968404769897e-01 5.574566125869750977e-02 2.941290855407714844e+00 1.675240248441696167e-01 9.858247637748718262e-01 9.186872281134128571e-03 -2.336838245391845703e+00 -5.649681761860847473e-02 2.965810999739915133e-04 9.984025359153747559e-01 1.200715789794921875e+02
9.839668273925781250e-01 -1.691688597202301025e-01 5.648744106292724609e-02 3.014250755310058594e+00 1.689238250255584717e-01 9.855865240097045898e-01 9.119198657572269440e-03 -2.347378969192504883e+00 -5.721597373485565186e-02 5.690864636562764645e-04 9.983614683151245117e-01 1.213014297485351562e+02
9.837180972099304199e-01 -1.706277877092361450e-01 5.643087998032569885e-02 3.087008714675903320e+00 1.703919768333435059e-01 9.853348731994628906e-01 8.999336510896682739e-03 -2.359702825546264648e+00 -5.713887885212898254e-02 7.625598809681832790e-04 9.983657598495483398e-01 1.225508499145507812e+02
9.834840297698974609e-01 -1.718004792928695679e-01 5.695057287812232971e-02 3.165532588958740234e+00 1.715664416551589966e-01 9.851309657096862793e-01 9.009849280118942261e-03 -2.371821403503417969e+00 -5.765169858932495117e-02 9.097661240957677364e-04 9.983361959457397461e-01 1.239152069091796875e+02
9.830874204635620117e-01 -1.739425212144851685e-01 5.729551985859870911e-02 3.255557060241699219e+00 1.736576557159423828e-01 9.847554564476013184e-01 9.951652958989143372e-03 -2.390419483184814453e+00 -5.815311521291732788e-02 1.664618612267076969e-04 9.983075261116027832e-01 1.254342269897460938e+02
9.828839302062988281e-01 -1.750503927469253540e-01 5.741353705525398254e-02 3.333090066909790039e+00 1.747357249259948730e-01 9.845591187477111816e-01 1.049472671002149582e-02 -2.399715185165405273e+00 -5.836415663361549377e-02 -2.829011646099388599e-04 9.982951879501342773e-01 1.267234344482421875e+02
9.825612902641296387e-01 -1.766169220209121704e-01 5.813321843743324280e-02 3.417299509048461914e+00 1.762852370738983154e-01 9.842792749404907227e-01 1.082572340965270996e-02 -2.406752586364746094e+00 -5.913135781884193420e-02 -3.889072395395487547e-04 9.982500076293945312e-01 1.280710601806640625e+02
9.823026657104492188e-01 -1.784383654594421387e-01 5.692994222044944763e-02 3.493954420089721680e+00 1.781063377857208252e-01 9.839506149291992188e-01 1.089439261704683304e-02 -2.416252613067626953e+00 -5.796025693416595459e-02 -5.620061419904232025e-04 9.983186125755310059e-01 1.293594360351562500e+02
9.820014834403991699e-01 -1.800105869770050049e-01 5.717488378286361694e-02 3.575272798538208008e+00 1.796785891056060791e-01 9.836642146110534668e-01 1.093703042715787888e-02 -2.428014516830444336e+00 -5.820970237255096436e-02 -4.670769849326461554e-04 9.983041286468505859e-01 1.306617584228515625e+02
9.815801978111267090e-01 -1.819974631071090698e-01 5.811179056763648987e-02 3.657646179199218750e+00 1.816424429416656494e-01 9.832985401153564453e-01 1.137799676507711411e-02 -2.436291694641113281e+00 -5.921203643083572388e-02 -6.128484383225440979e-04 9.982451200485229492e-01 1.320331726074218750e+02
9.811668395996093750e-01 -1.839252412319183350e-01 5.901607125997543335e-02 3.731623888015747070e+00 1.835545003414154053e-01 9.829397797584533691e-01 1.168846245855093002e-02 -2.445665121078491211e+00 -6.015907600522041321e-02 -6.356661906465888023e-04 9.981884360313415527e-01 1.332749481201171875e+02
9.806848764419555664e-01 -1.863117665052413940e-01 5.953881517052650452e-02 3.812551259994506836e+00 1.859412789344787598e-01 9.824903011322021484e-01 1.175159774720668793e-02 -2.455707550048828125e+00 -6.068579852581024170e-02 -4.538899811450392008e-04 9.981566667556762695e-01 1.346059570312500000e+02
9.803032279014587402e-01 -1.882840991020202637e-01 5.961943417787551880e-02 3.888803958892822266e+00 1.879228055477142334e-01 9.821143746376037598e-01 1.165966317057609558e-02 -2.463027954101562500e+00 -6.074846163392066956e-02 -2.261536428704857826e-04 9.981529116630554199e-01 1.358602752685546875e+02
9.800354838371276855e-01 -1.897859573364257812e-01 5.925671383738517761e-02 3.972641468048095703e+00 1.894250810146331787e-01 9.818252325057983398e-01 1.169962156563997269e-02 -2.472917318344116211e+00 -6.040019169449806213e-02 -2.413364709354937077e-04 9.981740713119506836e-01 1.371985168457031250e+02
9.795986413955688477e-01 -1.920543015003204346e-01 5.917223915457725525e-02 4.060442924499511719e+00 1.916463673114776611e-01 9.813836216926574707e-01 1.254558376967906952e-02 -2.479635000228881836e+00 -6.048013269901275635e-02 -9.494900587014853954e-04 9.981688261032104492e-01 1.385521697998046875e+02
9.793864488601684570e-01 -1.932448595762252808e-01 5.880685150623321533e-02 4.136428833007812500e+00 1.927907317876815796e-01 9.811487197875976562e-01 1.335321832448244095e-02 -2.485704898834228516e+00 -6.027874723076820374e-02 -1.740543986670672894e-03 9.981799125671386719e-01 1.397799987792968750e+02
9.792318940162658691e-01 -1.942152231931686401e-01 5.818113684654235840e-02 4.215992450714111328e+00 1.937178373336791992e-01 9.809552431106567383e-01 1.412368472665548325e-02 -2.489510536193847656e+00 -5.981617048382759094e-02 -2.559636952355504036e-03 9.982060194015502930e-01 1.410326690673828125e+02
9.789786934852600098e-01 -1.960708498954772949e-01 5.618366599082946777e-02 4.287337779998779297e+00 1.955397427082061768e-01 9.805829524993896484e-01 1.485258061438798904e-02 -2.496473073959350586e+00 -5.800494179129600525e-02 -3.554219845682382584e-03 9.983098506927490234e-01 1.422193756103515625e+02
9.786465764045715332e-01 -1.977100074291229248e-01 5.622433125972747803e-02 4.362889766693115234e+00 1.971280276775360107e-01 9.802505970001220703e-01 1.576949283480644226e-02 -2.498559236526489258e+00 -5.823175609111785889e-02 -4.349369090050458908e-03 9.982935190200805664e-01 1.434407348632812500e+02
9.783752560615539551e-01 -1.991417109966278076e-01 5.589123070240020752e-02 4.435774326324462891e+00 1.985366493463516235e-01 9.799586534500122070e-01 1.623244583606719971e-02 -2.501091957092285156e+00 -5.800369009375572205e-02 -4.784968215972185135e-03 9.983047842979431152e-01 1.446504516601562500e+02
9.783690571784973145e-01 -1.997326761484146118e-01 5.385353043675422668e-02 4.505261898040771484e+00 1.991453170776367188e-01 9.798370599746704102e-01 1.611458696424961090e-02 -2.501209020614624023e+00 -5.598632991313934326e-02 -5.041337572038173676e-03 9.984186887741088867e-01 1.458194732666015625e+02
9.780220389366149902e-01 -2.014012038707733154e-01 5.394296348094940186e-02 4.565796375274658203e+00 2.007646113634109497e-01 9.794911742210388184e-01 1.702612452208995819e-02 -2.501569747924804688e+00 -5.626577138900756836e-02 -5.822089966386556625e-03 9.983987212181091309e-01 1.469197540283203125e+02
9.776391983032226562e-01 -2.035088986158370972e-01 5.296396836638450623e-02 4.631616115570068359e+00 2.028432041406631470e-01 9.790506958961486816e-01 1.771049760282039642e-02 -2.504271268844604492e+00 -5.545868352055549622e-02 -6.571100093424320221e-03 9.984392523765563965e-01 1.480758514404296875e+02
9.776172637939453125e-01 -2.039556354284286499e-01 5.163221433758735657e-02 4.693006038665771484e+00 2.032596766948699951e-01 9.789507389068603516e-01 1.844356209039688110e-02 -2.503941774368286133e+00 -5.430709198117256165e-02 -7.536004297435283661e-03 9.984957575798034668e-01 1.492056427001953125e+02
9.775184988975524902e-01 -2.047619074583053589e-01 5.029263719916343689e-02 4.755836963653564453e+00 2.040665447711944580e-01 9.787790179252624512e-01 1.864616759121417999e-02 -2.500875711441040039e+00 -5.304342508316040039e-02 -7.963937707245349884e-03 9.985603690147399902e-01 1.503500061035156250e+02
9.772430658340454102e-01 -2.062160521745681763e-01 4.970064014196395874e-02 4.815872669219970703e+00 2.055291533470153809e-01 9.784736037254333496e-01 1.861102320253849030e-02 -2.498965024948120117e+00 -5.246867984533309937e-02 -7.972571998834609985e-03 9.985906481742858887e-01 1.514694519042968750e+02
9.769951701164245605e-01 -2.074894011020660400e-01 4.927194491028785706e-02 4.881885051727294922e+00 2.067450731992721558e-01 9.781939387321472168e-01 1.980573497712612152e-02 -2.496388196945190430e+00 -5.230702459812164307e-02 -9.163385257124900818e-03 9.985888600349426270e-01 1.527080230712890625e+02
9.768838882446289062e-01 -2.083498239517211914e-01 4.782578721642494202e-02 4.950876235961914062e+00 2.075846195220947266e-01 9.780018329620361328e-01 2.049871161580085754e-02 -2.496514081954956055e+00 -5.104463919997215271e-02 -1.009697467088699341e-02 9.986451268196105957e-01 1.540141296386718750e+02
9.764422774314880371e-01 -2.103961706161499023e-01 4.788490757346153259e-02 5.014710903167724609e+00 2.095638960599899292e-01 9.775505661964416504e-01 2.183932438492774963e-02 -2.493381977081298828e+00 -5.140485987067222595e-02 -1.128990482538938522e-02 9.986138939857482910e-01 1.552922058105468750e+02
9.762157797813415527e-01 -2.118464112281799316e-01 4.607481881976127625e-02 5.076569557189941406e+00 2.109995633363723755e-01 9.772248864173889160e-01 2.258049324154853821e-02 -2.489993333816528320e+00 -4.980908706784248352e-02 -1.232167985290288925e-02 9.986825585365295410e-01 1.565760040283203125e+02
9.758170247077941895e-01 -2.138370275497436523e-01 4.532034695148468018e-02 5.135490417480468750e+00 2.129502594470977783e-01 9.767770171165466309e-01 2.362142316997051239e-02 -2.483971595764160156e+00 -4.931904003024101257e-02 -1.339922100305557251e-02 9.986929893493652344e-01 1.577595367431640625e+02
9.755690097808837891e-01 -2.150441557168960571e-01 4.494535177946090698e-02 5.194600105285644531e+00 2.141643315553665161e-01 9.765118956565856934e-01 2.360679768025875092e-02 -2.475811004638671875e+00 -4.896620661020278931e-02 -1.340438332408666611e-02 9.987102746963500977e-01 1.589464416503906250e+02
9.752463102340698242e-01 -2.165302932262420654e-01 4.481155797839164734e-02 5.254835605621337891e+00 2.156215608119964600e-01 9.761751294136047363e-01 2.426278404891490936e-02 -2.467846155166625977e+00 -4.899758473038673401e-02 -1.399987004697322845e-02 9.987005591392517090e-01 1.601752014160156250e+02
9.749001860618591309e-01 -2.180866003036499023e-01 4.479660093784332275e-02 5.317799091339111328e+00 2.171712070703506470e-01 9.758273363113403320e-01 2.443269453942775726e-02 -2.461502790451049805e+00 -4.904222115874290466e-02 -1.409092266112565994e-02 9.986971020698547363e-01 1.614880371093750000e+02
9.744259715080261230e-01 -2.199054658412933350e-01 4.620058834552764893e-02 5.384246826171875000e+00 2.189534604549407959e-01 9.754195809364318848e-01 2.480596676468849182e-02 -2.453416824340820312e+00 -5.051995813846588135e-02 -1.405581645667552948e-02 9.986239075660705566e-01 1.628398895263671875e+02
9.738966822624206543e-01 -2.218171358108520508e-01 4.817928746342658997e-02 5.452671051025390625e+00 2.208327949047088623e-01 9.749923944473266602e-01 2.493992447853088379e-02 -2.447081565856933594e+00 -5.250657349824905396e-02 -1.364935934543609619e-02 9.985270500183105469e-01 1.642060852050781250e+02
9.735043644905090332e-01 -2.233981937170028687e-01 4.879816994071006775e-02 5.521472930908203125e+00 2.224746644496917725e-01 9.746507406234741211e-01 2.366952225565910339e-02 -2.436732053756713867e+00 -5.284893140196800232e-02 -1.218604389578104019e-02 9.985278844833374023e-01 1.654690399169921875e+02
9.729878902435302734e-01 -2.255656272172927856e-01 4.912693798542022705e-02 5.592585086822509766e+00 2.246207147836685181e-01 9.741491675376892090e-01 2.404478192329406738e-02 -2.432223558425903320e+00 -5.328067392110824585e-02 -1.236037351191043854e-02 9.985027909278869629e-01 1.667966461181640625e+02
9.724662303924560547e-01 -2.275884002447128296e-01 5.011746659874916077e-02 5.664071559906005859e+00 2.266376614570617676e-01 9.736835956573486328e-01 2.397434785962104797e-02 -2.426906824111938477e+00 -5.425487086176872253e-02 -1.195575483143329620e-02 9.984552860260009766e-01 1.681343994140625000e+02
9.719918966293334961e-01 -2.295341491699218750e-01 5.044349655508995056e-02 5.730309486389160156e+00 2.285738587379455566e-01 9.732272028923034668e-01 2.412269264459609985e-02 -2.418004751205444336e+00 -5.462999641895294189e-02 -1.191701367497444153e-02 9.984353184700012207e-01 1.694246215820312500e+02
9.714976549148559570e-01 -2.311917245388031006e-01 5.235817283391952515e-02 5.808629512786865234e+00 2.302677482366561890e-01 9.728521108627319336e-01 2.312254160642623901e-02 -2.409154176712036133e+00 -5.628252774477005005e-02 -1.040711253881454468e-02 9.983603954315185547e-01 1.708112792968750000e+02
9.707074761390686035e-01 -2.340488433837890625e-01 5.428418889641761780e-02 5.890070915222167969e+00 2.330480962991714478e-01 9.721642732620239258e-01 2.417386136949062347e-02 -2.405428171157836914e+00 -5.843104422092437744e-02 -1.081493869423866272e-02 9.982326030731201172e-01 1.721865081787109375e+02
9.703135490417480469e-01 -2.356473356485366821e-01 5.441199988126754761e-02 5.965295314788818359e+00 2.346509993076324463e-01 9.717800617218017578e-01 2.411641553044319153e-02 -2.397421360015869141e+00 -5.855949223041534424e-02 -1.063267048448324203e-02 9.982270598411560059e-01 1.734571075439453125e+02
9.699973464012145996e-01 -2.370490729808807373e-01 5.395934730768203735e-02 6.044696807861328125e+00 2.360337376594543457e-01 9.714340567588806152e-01 2.456133998930454254e-02 -2.389588356018066406e+00 -5.824020877480506897e-02 -1.108822226524353027e-02 9.982408285140991211e-01 1.747987823486328125e+02
9.697216153144836426e-01 -2.380559742450714111e-01 5.447932705283164978e-02 6.130984783172607422e+00 2.370175123214721680e-01 9.711862802505493164e-01 2.488222718238830566e-02 -2.381949424743652344e+00 -5.883296206593513489e-02 -1.121629402041435242e-02 9.982046484947204590e-01 1.762472991943359375e+02
9.694625735282897949e-01 -2.393065840005874634e-01 5.360412970185279846e-02 6.213008880615234375e+00 2.383280098438262939e-01 9.708864092826843262e-01 2.405257336795330048e-02 -2.376940727233886719e+00 -5.779948085546493530e-02 -1.054271776229143143e-02 9.982723593711853027e-01 1.776349945068359375e+02
9.690636396408081055e-01 -2.409437447786331177e-01 5.348420143127441406e-02 6.291277408599853516e+00 2.399549335241317749e-01 9.704796075820922852e-01 2.429279126226902008e-02 -2.370980501174926758e+00 -5.775854364037513733e-02 -1.070747524499893188e-02 9.982729554176330566e-01 1.789931640625000000e+02
9.684125185012817383e-01 -2.436547577381134033e-01 5.299426615238189697e-02 6.366763591766357422e+00 2.426588088274002075e-01 9.697998762130737305e-01 2.457717433571815491e-02 -2.365840196609497070e+00 -5.738220363855361938e-02 -1.094133034348487854e-02 9.982920885086059570e-01 1.803061981201171875e+02
9.679434299468994141e-01 -2.454638034105300903e-01 5.321487411856651306e-02 6.439622879028320312e+00 2.444872707128524780e-01 9.693489074707031250e-01 2.424422465264797211e-02 -2.359155416488647461e+00 -5.753488466143608093e-02 -1.045669149607419968e-02 9.982885122299194336e-01 1.816109161376953125e+02
9.675932526588439941e-01 -2.467268258333206177e-01 5.374051257967948914e-02 6.520747661590576172e+00 2.457224279642105103e-01 9.690259695053100586e-01 2.466072887182235718e-02 -2.351272821426391602e+00 -5.816044285893440247e-02 -1.065631676465272903e-02 9.982501268386840820e-01 1.829718933105468750e+02
9.672152400016784668e-01 -2.480531632900238037e-01 5.443582311272621155e-02 6.597389698028564453e+00 2.470486313104629517e-01 9.686909914016723633e-01 2.457211911678314209e-02 -2.342989683151245117e+00 -5.882670357823371887e-02 -1.031824108213186264e-02 9.982146620750427246e-01 1.842763061523437500e+02
9.664839506149291992e-01 -2.507664859294891357e-01 5.498935654759407043e-02 6.677337646484375000e+00 2.497620880603790283e-01 9.679955840110778809e-01 2.454545535147190094e-02 -2.335567235946655273e+00 -5.938465520739555359e-02 -9.988540783524513245e-03 9.981849789619445801e-01 1.856454010009765625e+02
9.659936428070068359e-01 -2.525268793106079102e-01 5.554637685418128967e-02 6.756595134735107422e+00 2.514862120151519775e-01 9.675348401069641113e-01 2.510312199592590332e-02 -2.328700780868530273e+00 -6.008228659629821777e-02 -1.028031762689352036e-02 9.981402754783630371e-01 1.869728546142578125e+02
9.655975103378295898e-01 -2.538292407989501953e-01 5.649035423994064331e-02 6.835744857788085938e+00 2.527757287025451660e-01 9.671964645385742188e-01 2.519108727574348450e-02 -2.320278167724609375e+00 -6.103152781724929810e-02 -1.004506740719079971e-02 9.980850815773010254e-01 1.882685852050781250e+02
9.648081660270690918e-01 -2.564183771610260010e-01 5.825628712773323059e-02 6.919229507446289062e+00 2.552853822708129883e-01 9.665089249610900879e-01 2.624879404902458191e-02 -2.315119504928588867e+00 -6.303592026233673096e-02 -1.045307889580726624e-02 9.979562759399414062e-01 1.896302032470703125e+02
9.643930196762084961e-01 -2.579872906208038330e-01 5.820373073220252991e-02 7.013697624206542969e+00 2.568253874778747559e-01 9.660868644714355469e-01 2.675824239850044250e-02 -2.304874420166015625e+00 -6.313317269086837769e-02 -1.085727289319038391e-02 9.979458451271057129e-01 1.910929870605468750e+02
9.637854695320129395e-01 -2.599351406097412109e-01 5.958472564816474915e-02 7.100173473358154297e+00 2.587336897850036621e-01 9.655653238296508789e-01 2.719635516405105591e-02 -2.292700052261352539e+00 -6.460226327180862427e-02 -1.079487986862659454e-02 9.978525042533874512e-01 1.924333496093750000e+02
9.630938768386840820e-01 -2.622607648372650146e-01 6.056866422295570374e-02 7.191840648651123047e+00 2.610514760017395020e-01 9.649405479431152344e-01 2.722322754561901093e-02 -2.281543731689453125e+00 -6.558477878570556641e-02 -1.040698587894439697e-02 9.977925419807434082e-01 1.938321990966796875e+02
9.626511335372924805e-01 -2.637742161750793457e-01 6.103284284472465515e-02 7.272797107696533203e+00 2.625695765018463135e-01 9.645313620567321777e-01 2.712517604231834412e-02 -2.269180536270141602e+00 -6.602304428815841675e-02 -1.008671615272760391e-02 9.977669119834899902e-01 1.950681304931640625e+02
9.624642729759216309e-01 -2.645177245140075684e-01 6.076151505112648010e-02 7.353963851928710938e+00 2.633362710475921631e-01 9.643303751945495605e-01 2.683727070689201355e-02 -2.258780956268310547e+00 -6.569314002990722656e-02 -9.829206392168998718e-03 9.977912902832031250e-01 1.963014984130859375e+02
9.620936512947082520e-01 -2.657689452171325684e-01 6.116961315274238586e-02 7.442153453826904297e+00 2.646339237689971924e-01 9.639950394630432129e-01 2.611200511455535889e-02 -2.248235225677490234e+00 -6.590699404478073120e-02 -8.934643119573593140e-03 9.977855682373046875e-01 1.976084136962890625e+02
9.613870978355407715e-01 -2.680494487285614014e-01 6.231691315770149231e-02 7.529417991638183594e+00 2.669070959091186523e-01 9.633673429489135742e-01 2.614086307585239410e-02 -2.236142158508300781e+00 -6.704115122556686401e-02 -8.498664945363998413e-03 9.977138042449951172e-01 1.989631195068359375e+02
9.608182907104492188e-01 -2.703300714492797852e-01 6.122880056500434875e-02 7.617385387420654297e+00 2.691580653190612793e-01 9.627227783203125000e-01 2.679971419274806976e-02 -2.227630138397216797e+00 -6.619115918874740601e-02 -9.269433096051216125e-03 9.977636933326721191e-01 2.002998962402343750e+02
9.603587985038757324e-01 -2.719719111919403076e-01 6.116599217057228088e-02 7.707751750946044922e+00 2.708405852317810059e-01 9.622660875320434570e-01 2.624357677996158600e-02 -2.219740867614746094e+00 -6.599551439285278320e-02 -8.637020364403724670e-03 9.977822899818420410e-01 2.016515655517578125e+02
9.597328901290893555e-01 -2.745036780834197998e-01 5.966172367334365845e-02 7.803326129913330078e+00 2.733823657035827637e-01 9.615436196327209473e-01 2.636877633631229401e-02 -2.209560155868530273e+00 -6.460571289062500000e-02 -8.996521122753620148e-03 9.978700876235961914e-01 2.031448974609375000e+02
9.592510461807250977e-01 -2.761500179767608643e-01 5.981289967894554138e-02 7.896694183349609375e+00 2.750176787376403809e-01 9.610716700553894043e-01 2.656616643071174622e-02 -2.199870824813842773e+00 -6.482077389955520630e-02 -9.034020826220512390e-03 9.978557825088500977e-01 2.046254882812500000e+02
9.586002826690673828e-01 -2.781819403171539307e-01 6.082214415073394775e-02 7.991887569427490234e+00 2.770244479179382324e-01 9.604865908622741699e-01 2.687122486531734467e-02 -2.190670967102050781e+00 -6.589399278163909912e-02 -8.909543976187705994e-03 9.977866411209106445e-01 2.060752258300781250e+02
9.576274156570434570e-01 -2.814603447914123535e-01 6.106397509574890137e-02 8.090169906616210938e+00 2.801686525344848633e-01 9.595136642456054688e-01 2.895109727978706360e-02 -2.185322523117065430e+00 -6.674035638570785522e-02 -1.061615440994501114e-02 9.977136850357055664e-01 2.075506286621093750e+02
9.567685723304748535e-01 -2.839611470699310303e-01 6.292051076889038086e-02 8.194656372070312500e+00 2.826185524463653564e-01 9.587786197662353516e-01 2.948692813515663147e-02 -2.172448396682739258e+00 -6.870003044605255127e-02 -1.042966265231370926e-02 9.975826740264892578e-01 2.091213989257812500e+02
9.563674926757812500e-01 -2.854087054729461670e-01 6.246692687273025513e-02 8.293343544006347656e+00 2.841325104236602783e-01 9.583570957183837891e-01 2.862901613116264343e-02 -2.155095815658569336e+00 -6.803664565086364746e-02 -9.630976244807243347e-03 9.976361393928527832e-01 2.105161743164062500e+02
9.555801153182983398e-01 -2.878095209598541260e-01 6.349283456802368164e-02 8.396915435791015625e+00 2.865377366542816162e-01 9.576445221900939941e-01 2.849932014942169189e-02 -2.139053106307983398e+00 -6.900599598884582520e-02 -9.040290489792823792e-03 9.975751042366027832e-01 2.120182647705078125e+02
9.547359943389892578e-01 -2.905140519142150879e-01 6.387316435575485229e-02 8.499585151672363281e+00 2.892594933509826660e-01 9.568322300910949707e-01 2.828701958060264587e-02 -2.127985477447509766e+00 -6.933373957872390747e-02 -8.530714549124240875e-03 9.975568652153015137e-01 2.134901580810546875e+02
9.542151689529418945e-01 -2.919996678829193115e-01 6.487400829792022705e-02 8.589616775512695312e+00 2.906879186630249023e-01 9.563770890235900879e-01 2.902503311634063721e-02 -2.114310503005981445e+00 -7.051938772201538086e-02 -8.838032372295856476e-03 9.974710941314697266e-01 2.147571563720703125e+02
9.537073373794555664e-01 -2.933754920959472656e-01 6.612240523099899292e-02 8.694100379943847656e+00 2.920796871185302734e-01 9.559628963470458984e-01 2.869710698723793030e-02 -2.098889827728271484e+00 -7.162965834140777588e-02 -8.055628277361392975e-03 9.973986148834228516e-01 2.162202148437500000e+02
9.532285332679748535e-01 -2.949570715427398682e-01 6.599061936140060425e-02 8.793073654174804688e+00 2.934957444667816162e-01 9.554552435874938965e-01 3.106098994612693787e-02 -2.087312221527099609e+00 -7.221280038356781006e-02 -1.024025771766901016e-02 9.973365068435668945e-01 2.176091613769531250e+02
9.525000452995300293e-01 -2.971010804176330566e-01 6.688530743122100830e-02 8.892534255981445312e+00 2.956693768501281738e-01 9.547996520996093750e-01 3.060257248580455780e-02 -2.073822021484375000e+00 -7.295417785644531250e-02 -9.373016655445098877e-03 9.972910881042480469e-01 2.189801635742187500e+02
9.518758058547973633e-01 -2.991257011890411377e-01 6.674841791391372681e-02 8.989995002746582031e+00 2.976600825786590576e-01 9.541632533073425293e-01 3.115007840096950531e-02 -2.058274507522583008e+00 -7.300671935081481934e-02 -9.782666340470314026e-03 9.972832798957824707e-01 2.203423309326171875e+02
9.514802098274230957e-01 -3.003931343555450439e-01 6.669718772172927856e-02 9.087208747863769531e+00 2.989878952503204346e-01 9.537731409072875977e-01 3.037146106362342834e-02 -2.036504268646240234e+00 -7.273740321397781372e-02 -8.956187404692173004e-03 9.973107576370239258e-01 2.216728820800781250e+02
9.510273337364196777e-01 -3.017867803573608398e-01 6.686494499444961548e-02 9.182736396789550781e+00 3.003540635108947754e-01 9.533309936523437500e-01 3.077255561947822571e-02 -2.020694732666015625e+00 -7.303121685981750488e-02 -9.182377718389034271e-03 9.972872138023376465e-01 2.230269622802734375e+02
9.500582218170166016e-01 -3.046687543392181396e-01 6.756790727376937866e-02 9.284411430358886719e+00 3.032051026821136475e-01 9.524141550064086914e-01 3.120063617825508118e-02 -2.004813671112060547e+00 -7.385852932929992676e-02 -9.155482985079288483e-03 9.972265362739562988e-01 2.243810577392578125e+02
9.496984481811523438e-01 -3.055918514728546143e-01 6.845088303089141846e-02 9.378324508666992188e+00 3.041320145130157471e-01 9.521226882934570312e-01 3.107431344687938690e-02 -1.990185499191284180e+00 -7.466974109411239624e-02 -8.693120442330837250e-03 9.971702694892883301e-01 2.256563720703125000e+02
9.486525654792785645e-01 -3.085721731185913086e-01 6.957363337278366089e-02 9.496728897094726562e+00 3.070093691349029541e-01 9.511544704437255859e-01 3.240259364247322083e-02 -1.973182201385498047e+00 -7.617385685443878174e-02 -9.379042312502861023e-03 9.970502853393554688e-01 2.272235260009765625e+02
9.474655985832214355e-01 -3.118242621421813965e-01 7.122913002967834473e-02 9.608201980590820312e+00 3.101962804794311523e-01 9.500938653945922852e-01 3.315726295113563538e-02 -1.954152107238769531e+00 -7.801365107297897339e-02 -9.320352226495742798e-03 9.969085454940795898e-01 2.286986389160156250e+02
9.465948343276977539e-01 -3.142786324024200439e-01 7.201500236988067627e-02 9.724400520324707031e+00 3.125945627689361572e-01 9.492826461791992188e-01 3.386178985238075256e-02 -1.931875705718994141e+00 -7.900468260049819946e-02 -9.541895240545272827e-03 9.968284368515014648e-01 2.301603546142578125e+02
9.455853104591369629e-01 -3.170699179172515869e-01 7.303500920534133911e-02 9.836192131042480469e+00 3.152615427970886230e-01 9.483445882797241211e-01 3.538777306675910950e-02 -1.907922744750976562e+00 -8.048280328512191772e-02 -1.043702848255634308e-02 9.967012405395507812e-01 2.315581359863281250e+02
9.445101618766784668e-01 -3.202602267265319824e-01 7.302754372358322144e-02 9.961307525634765625e+00 3.183466494083404541e-01 9.472594857215881348e-01 3.680296614766120911e-02 -1.886283755302429199e+00 -8.096261322498321533e-02 -1.151270512491464615e-02 9.966505169868469238e-01 2.330874938964843750e+02
9.439339041709899902e-01 -3.216218948364257812e-01 7.448008656501770020e-02 1.007459735870361328e+01 3.197746276855468750e-01 9.468150138854980469e-01 3.584905713796615601e-02 -1.860849380493164062e+00 -8.204875886440277100e-02 -1.002229936420917511e-02 9.965777993202209473e-01 2.344945831298828125e+02
9.430879950523376465e-01 -3.240090608596801758e-01 7.484772056341171265e-02 1.019180965423583984e+01 3.220582306385040283e-01 9.459908008575439453e-01 3.714252635836601257e-02 -1.835988402366638184e+00 -8.283982425928115845e-02 -1.092335116118192673e-02 9.965028762817382812e-01 2.358913726806640625e+02
9.420939683914184570e-01 -3.267320692539215088e-01 7.552537322044372559e-02 1.030848503112792969e+01 3.247224986553192139e-01 9.450512528419494629e-01 3.785651177167892456e-02 -1.812521696090698242e+00 -8.374433964490890503e-02 -1.113961078226566315e-02 9.964249134063720703e-01 2.372964172363281250e+02
9.413198828697204590e-01 -3.288477659225463867e-01 7.599403709173202515e-02 1.041149902343750000e+01 3.268245756626129150e-01 9.443191289901733398e-01 3.803545981645584106e-02 -1.789911746978759766e+00 -8.427055925130844116e-02 -1.096681877970695496e-02 9.963824748992919922e-01 2.385371856689453125e+02
9.408957958221435547e-01 -3.298262357711791992e-01 7.699862122535705566e-02 1.051600837707519531e+01 3.278398513793945312e-01 9.439879655838012695e-01 3.751485794782638550e-02 -1.763439536094665527e+00 -8.505922555923461914e-02 -1.005436014384031296e-02 9.963250756263732910e-01 2.397700347900390625e+02
9.400710463523864746e-01 -3.319054841995239258e-01 7.812874019145965576e-02 1.062848091125488281e+01 3.299098312854766846e-01 9.432641863822937012e-01 3.757368028163909912e-02 -1.741801381111145020e+00 -8.616703003644943237e-02 -9.546496905386447906e-03 9.962348341941833496e-01 2.411124420166015625e+02
9.392570257186889648e-01 -3.338917195796966553e-01 7.944512367248535156e-02 1.074064445495605469e+01 3.319058120250701904e-01 9.425705671310424805e-01 3.740124776959419250e-02 -1.716828346252441406e+00 -8.737067133188247681e-02 -8.761093020439147949e-03 9.961372017860412598e-01 2.424123382568359375e+02
9.386735558509826660e-01 -3.353340327739715576e-01 8.026281744241714478e-02 1.084824752807617188e+01 3.333145081996917725e-01 9.420590400695800781e-01 3.775935247540473938e-02 -1.693691968917846680e+00 -8.827438205480575562e-02 -8.690947666764259338e-03 9.960581064224243164e-01 2.436272277832031250e+02
9.380805492401123047e-01 -3.367893099784851074e-01 8.109816163778305054e-02 1.097186470031738281e+01 3.348869085311889648e-01 9.415537118911743164e-01 3.642629459500312805e-02 -1.663289070129394531e+00 -8.862632513046264648e-02 -7.012089714407920837e-03 9.960400462150573730e-01 2.450172576904296875e+02
9.375671744346618652e-01 -3.383889496326446533e-01 8.037192374467849731e-02 1.109037017822265625e+01 3.364144563674926758e-01 9.409721493721008301e-01 3.736614808440208435e-02 -1.637679338455200195e+00 -8.827210217714309692e-02 -7.995003834366798401e-03 9.960640668869018555e-01 2.463798065185546875e+02
9.363955259323120117e-01 -3.416331112384796143e-01 8.030635118484497070e-02 1.120544528961181641e+01 3.396381735801696777e-01 9.397985935211181641e-01 3.773601725697517395e-02 -1.617078423500061035e+00 -8.836374431848526001e-02 -8.060744032263755798e-03 9.960554242134094238e-01 2.477115936279296875e+02
9.359289407730102539e-01 -3.425191044807434082e-01 8.195501565933227539e-02 1.132429981231689453e+01 3.405220210552215576e-01 9.394820332527160645e-01 3.765401989221572876e-02 -1.591571331024169922e+00 -8.989255875349044800e-02 -7.334004156291484833e-03 9.959242343902587891e-01 2.490375823974609375e+02
9.353155493736267090e-01 -3.437943160533905029e-01 8.360172808170318604e-02 1.144023895263671875e+01 3.418421447277069092e-01 9.390249252319335938e-01 3.709184005856513977e-02 -1.562059879302978516e+00 -9.125614166259765625e-02 -6.113984622061252594e-03 9.958084225654602051e-01 2.503701629638671875e+02
9.342702627182006836e-01 -3.463109135627746582e-01 8.489299565553665161e-02 1.156268692016601562e+01 3.442986607551574707e-01 9.381001591682434082e-01 3.776599839329719543e-02 -1.532307386398315430e+00 -9.271697700023651123e-02 -6.055109668523073196e-03 9.956738352775573730e-01 2.517415313720703125e+02
9.338008761405944824e-01 -3.472755253314971924e-01 8.610791712999343872e-02 1.168363285064697266e+01 3.453393280506134033e-01 9.377510547637939453e-01 3.692505136132240295e-02 -1.506098866462707520e+00 -9.357102215290069580e-02 -4.744198638945817947e-03 9.956010580062866211e-01 2.530491638183593750e+02
9.331003427505493164e-01 -3.491256535053253174e-01 8.622009307146072388e-02 1.181932544708251953e+01 3.472396433353424072e-01 9.370669126510620117e-01 3.646951168775558472e-02 -1.482212424278259277e+00 -9.352649748325347900e-02 -4.090687260031700134e-03 9.956081509590148926e-01 2.544954528808593750e+02
9.320004582405090332e-01 -3.521059751510620117e-01 8.599650114774703979e-02 1.194749546051025391e+01 3.500943779945373535e-01 9.359452128410339355e-01 3.794993087649345398e-02 -1.454673528671264648e+00 -9.385047852993011475e-02 -5.262468941509723663e-03 9.955721497535705566e-01 2.558744201660156250e+02
9.311044812202453613e-01 -3.541278541088104248e-01 8.738854527473449707e-02 1.208161258697509766e+01 3.521844744682312012e-01 9.351887106895446777e-01 3.725415468215942383e-02 -1.431023716926574707e+00 -9.491758048534393311e-02 -3.910628613084554672e-03 9.954771995544433594e-01 2.572927856445312500e+02
9.303510785102844238e-01 -3.559078276157379150e-01 8.817856013774871826e-02 1.222381401062011719e+01 3.539403975009918213e-01 9.345134496688842773e-01 3.755564615130424500e-02 -1.395865559577941895e+00 -9.577046334743499756e-02 -3.729987423866987228e-03 9.953961968421936035e-01 2.587947387695312500e+02
9.295538067817687988e-01 -3.577451109886169434e-01 8.914654701948165894e-02 1.235677909851074219e+01 3.558451831340789795e-01 9.338155388832092285e-01 3.691117092967033386e-02 -1.367364168167114258e+00 -9.645128250122070312e-02 -2.588559174910187721e-03 9.953340888023376465e-01 2.601651611328125000e+02
9.287431836128234863e-01 -3.595056831836700439e-01 9.050248563289642334e-02 1.248422336578369141e+01 3.575732111930847168e-01 9.331399202346801758e-01 3.729508072137832642e-02 -1.345528841018676758e+00 -9.785934537649154663e-02 -2.276301616802811623e-03 9.951973557472229004e-01 2.614631042480468750e+02
9.280129671096801758e-01 -3.614562749862670898e-01 9.022285789251327515e-02 1.264046764373779297e+01 3.596395552158355713e-01 9.323881268501281738e-01 3.621320426464080811e-02 -1.316858172416687012e+00 -9.721228480339050293e-02 -1.158633502200245857e-03 9.952626824378967285e-01 2.630213012695312500e+02
9.275315999984741211e-01 -3.629740774631500244e-01 8.907219022512435913e-02 1.279143714904785156e+01 3.611935675144195557e-01 9.317982792854309082e-01 3.592698648571968079e-02 -1.288446545600891113e+00 -9.603796154260635376e-02 -1.151131698861718178e-03 9.953767061233520508e-01 2.645427856445312500e+02
9.265428185462951660e-01 -3.648795783519744873e-01 9.154429286718368530e-02 1.294824314117431641e+01 3.631663024425506592e-01 9.310543537139892578e-01 3.532208874821662903e-02 -1.259741544723510742e+00 -9.812110662460327148e-02 5.183551693335175514e-04 9.951739907264709473e-01 2.661222839355468750e+02
9.263111352920532227e-01 -3.649931848049163818e-01 9.341723471879959106e-02 1.310469722747802734e+01 3.632798194885253906e-01 9.310092329978942871e-01 3.534508123993873596e-02 -1.227112054824829102e+00 -9.987311065196990967e-02 1.196035183966159821e-03 9.949990510940551758e-01 2.676777954101562500e+02
9.256601929664611816e-01 -3.663285374641418457e-01 9.463489055633544922e-02 1.325090980529785156e+01 3.645848929882049561e-01 9.304842352867126465e-01 3.572915494441986084e-02 -1.199255824089050293e+00 -1.011449769139289856e-01 1.429372467100620270e-03 9.948702454566955566e-01 2.691326599121093750e+02
9.248670339584350586e-01 -3.685041666030883789e-01 9.394050389528274536e-02 1.340898799896240234e+01 3.667489290237426758e-01 9.296250939369201660e-01 3.594554215669631958e-02 -1.171160817146301270e+00 -1.005756184458732605e-01 1.207708846777677536e-03 9.949283003807067871e-01 2.706783752441406250e+02
9.235745668411254883e-01 -3.715241551399230957e-01 9.475801140069961548e-02 1.356252574920654297e+01 3.697839677333831787e-01 9.284212589263916016e-01 3.596431016921997070e-02 -1.142685890197753906e+00 -1.013370603322982788e-01 1.824251492507755756e-03 9.948500990867614746e-01 2.722247619628906250e+02
9.225218296051025391e-01 -3.739520013332366943e-01 9.545987844467163086e-02 1.369653606414794922e+01 3.721562027931213379e-01 9.274461865425109863e-01 3.664580732583999634e-02 -1.116838693618774414e+00 -1.022377684712409973e-01 1.719404594041407108e-03 9.947581291198730469e-01 2.735783081054687500e+02
9.219198226928710938e-01 -3.752943575382232666e-01 9.600617736577987671e-02 1.385135173797607422e+01 3.735823333263397217e-01 9.269012808799743652e-01 3.591343760490417480e-02 -1.087347030639648438e+00 -1.024664565920829773e-01 2.756880130618810654e-03 9.947322607040405273e-01 2.750765686035156250e+02
9.210687875747680664e-01 -3.773984313011169434e-01 9.592691808938980103e-02 1.400523662567138672e+01 3.756894469261169434e-01 9.260461926460266113e-01 3.599219396710395813e-02 -1.059746503829956055e+00 -1.024162545800209045e-01 2.887422218918800354e-03 9.947370886802673340e-01 2.765548400878906250e+02
9.205964803695678711e-01 -3.786157965660095215e-01 9.566370397806167603e-02 1.415935325622558594e+01 3.768586814403533936e-01 9.255504608154296875e-01 3.651667386293411255e-02 -1.037578940391540527e+00 -1.023674681782722473e-01 2.434551017358899117e-03 9.947432875633239746e-01 2.780386962890625000e+02
9.198892116546630859e-01 -3.803926110267639160e-01 9.541859477758407593e-02 1.431279754638671875e+01 3.786652088165283203e-01 9.248207807540893555e-01 3.631410375237464905e-02 -1.012946009635925293e+00 -1.020588204264640808e-01 2.726727165281772614e-03 9.947742223739624023e-01 2.795171203613281250e+02
9.192470908164978027e-01 -3.820451498031616211e-01 9.500284492969512939e-02 1.445963668823242188e+01 3.803744316101074219e-01 9.241377711296081543e-01 3.583418950438499451e-02 -9.867695569992065430e-01 -1.014861017465591431e-01 3.196152625605463982e-03 9.948314428329467773e-01 2.809289245605468750e+02
9.179754257202148438e-01 -3.846083879470825195e-01 9.693686664104461670e-02 1.460321903228759766e+01 3.828926384449005127e-01 9.230723381042480469e-01 3.647093102335929871e-02 -9.638764262199401855e-01 -1.035068705677986145e-01 3.636970417574048042e-03 9.946216940879821777e-01 2.823018188476562500e+02
9.171298146247863770e-01 -3.864124417304992676e-01 9.776231646537780762e-02 1.475882530212402344e+01 3.847879469394683838e-01 9.223129153251647949e-01 3.572700545191764832e-02 -9.368990063667297363e-01 -1.039729192852973938e-01 4.851434379816055298e-03 9.945679306983947754e-01 2.837798767089843750e+02
9.165736436843872070e-01 -3.876451253890991211e-01 9.809774905443191528e-02 1.490168190002441406e+01 3.860164582729339600e-01 9.217946529388427734e-01 3.584989905357360840e-02 -9.144743084907531738e-01 -1.043231338262557983e-01 5.008247215300798416e-03 9.945304989814758301e-01 2.851217651367187500e+02
9.156736135482788086e-01 -3.897264003753662109e-01 9.825655817985534668e-02 1.505405998229980469e+01 3.881160020828247070e-01 9.209146499633789062e-01 3.579687699675559998e-02 -8.921161890029907227e-01 -1.044370085000991821e-01 5.356661509722471237e-03 9.945167303085327148e-01 2.865779113769531250e+02
9.151236414909362793e-01 -3.911302685737609863e-01 9.780145436525344849e-02 1.520001792907714844e+01 3.894899785518646240e-01 9.203212261199951172e-01 3.613563999533653259e-02 -8.644017577171325684e-01 -1.041426062583923340e-01 5.024085752665996552e-03 9.945493340492248535e-01 2.879578247070312500e+02
9.143435955047607422e-01 -3.931259810924530029e-01 9.709322452545166016e-02 1.535047817230224609e+01 3.915701508522033691e-01 9.194668531417846680e-01 3.539671003818511963e-02 -8.387147188186645508e-01 -1.031894758343696594e-01 5.654033273458480835e-03 9.946452975273132324e-01 2.893763427734375000e+02
9.134572148323059082e-01 -3.950899243354797363e-01 9.746401011943817139e-02 1.548521232604980469e+01 3.936155140399932861e-01 9.186182022094726562e-01 3.474092110991477966e-02 -8.157908320426940918e-01 -1.032581031322479248e-01 6.628978997468948364e-03 9.946321249008178711e-01 2.906557922363281250e+02
9.129787087440490723e-01 -3.964972198009490967e-01 9.622486680746078491e-02 1.561614131927490234e+01 3.950106799602508545e-01 9.180147647857666016e-01 3.485663235187530518e-02 -7.905935049057006836e-01 -1.021565049886703491e-01 6.186464335769414902e-03 9.947487115859985352e-01 2.918876342773437500e+02
9.122378826141357422e-01 -3.982161283493041992e-01 9.615302085876464844e-02 1.576533985137939453e+01 3.968202769756317139e-01 9.172639846801757812e-01 3.405977785587310791e-02 -7.672954797744750977e-01 -1.017609536647796631e-01 7.084823213517665863e-03 9.947832822799682617e-01 2.933405151367187500e+02
9.113163352012634277e-01 -4.001455307006835938e-01 9.687871485948562622e-02 1.591684341430664062e+01 3.985886871814727783e-01 9.164316058158874512e-01 3.577397018671035767e-02 -7.436653375625610352e-01 -1.030976176261901855e-01 6.013327278196811676e-03 9.946526885032653809e-01 2.947947692871093750e+02
9.103931784629821777e-01 -4.019814133644104004e-01 9.795217216014862061e-02 1.606952285766601562e+01 4.005762338638305664e-01 9.156140089035034180e-01 3.448686376214027405e-02 -7.202848196029663086e-01 -1.035495623946189880e-01 7.840678095817565918e-03 9.945929646492004395e-01 2.962628173828125000e+02
9.098510146141052246e-01 -4.034340977668762207e-01 9.701334685087203979e-02 1.622850036621093750e+01 4.021980464458465576e-01 9.149629473686218262e-01 3.285233676433563232e-02 -6.961551904678344727e-01 -1.020174771547317505e-01 9.127814322710037231e-03 9.947403073310852051e-01 2.977632446289062500e+02
9.090453386306762695e-01 -4.049988090991973877e-01 9.804087877273559570e-02 1.637947845458984375e+01 4.039242267608642578e-01 9.142509102821350098e-01 3.146884217858314514e-02 -6.734444499015808105e-01 -1.023789048194885254e-01 1.099444832652807236e-02 9.946842789649963379e-01 2.991889648437500000e+02
9.080430865287780762e-01 -4.074898958206176758e-01 9.700109064579010010e-02 1.655715179443359375e+01 4.066255986690521240e-01 9.131208658218383789e-01 2.942358143627643585e-02 -6.523846983909606934e-01 -1.005636304616928101e-01 1.272520981729030609e-02 9.948488473892211914e-01 3.008999023437500000e+02
9.069728255271911621e-01 -4.092793464660644531e-01 9.944903105497360229e-02 1.671347236633300781e+01 4.084548950195312500e-01 9.123029708862304688e-01 2.945666201412677765e-02 -6.352955102920532227e-01 -1.027837544679641724e-01 1.390401180833578110e-02 9.946061372756958008e-01 3.023773193359375000e+02
9.062349200248718262e-01 -4.108759164810180664e-01 9.959243983030319214e-02 1.687804603576660156e+01 4.101453125476837158e-01 9.115697145462036133e-01 2.865876816213130951e-02 -6.175578236579895020e-01 -1.025607585906982422e-01 1.487575750797986984e-02 9.946150779724121094e-01 3.038937988281250000e+02
9.051913022994995117e-01 -4.132070839405059814e-01 9.943810105323791504e-02 1.704849624633789062e+01 4.125133454799652100e-01 9.105083346366882324e-01 2.841122634708881378e-02 -6.043834090232849121e-01 -1.022790521383285522e-01 1.530190929770469666e-02 9.946376085281372070e-01 3.054697570800781250e+02
9.049440026283264160e-01 -4.136172235012054443e-01 9.998217225074768066e-02 1.721382522583007812e+01 4.130477905273437500e-01 9.102996587753295898e-01 2.731155045330524445e-02 -5.910037159919738770e-01 -1.023103818297386169e-01 1.658194884657859802e-02 9.946138262748718262e-01 3.069935302734375000e+02
9.038258194923400879e-01 -4.157471954822540283e-01 1.012539640069007874e-01 1.738970947265625000e+01 4.151233136653900146e-01 9.093289375305175781e-01 2.816620282828807831e-02 -5.754577517509460449e-01 -1.037833020091056824e-01 1.657550036907196045e-02 9.944612979888916016e-01 3.085736389160156250e+02
9.033154845237731934e-01 -4.168138504028320312e-01 1.014228463172912598e-01 1.756255912780761719e+01 4.161768257617950439e-01 9.088405370712280273e-01 2.838150039315223694e-02 -5.604993104934692383e-01 -1.040071249008178711e-01 1.657235249876976013e-02 9.944379329681396484e-01 3.101327819824218750e+02
9.022669196128845215e-01 -4.190586805343627930e-01 1.015065386891365051e-01 1.772519683837890625e+01 4.184901118278503418e-01 9.077934622764587402e-01 2.787156403064727783e-02 -5.497082471847534180e-01 -1.038269326090812683e-01 1.733185723423957825e-02 9.944438338279724121e-01 3.116000671386718750e+02
9.016228914260864258e-01 -4.207890927791595459e-01 1.000603511929512024e-01 1.789303398132324219e+01 4.202817380428314209e-01 9.069877266883850098e-01 2.713521011173725128e-02 -5.339006185531616211e-01 -1.021718531847000122e-01 1.758777163922786713e-02 9.946107864379882812e-01 3.131475219726562500e+02
9.003004431724548340e-01 -4.236768484115600586e-01 9.978215396404266357e-02 1.805913543701171875e+01 4.232018291950225830e-01 9.056347012519836426e-01 2.693826146423816681e-02 -5.260426402091979980e-01 -1.017794534564018250e-01 1.797542162239551544e-02 9.946441054344177246e-01 3.146819763183593750e+02
8.992130756378173828e-01 -4.256726205348968506e-01 1.010843366384506226e-01 1.823756027221679688e+01 4.252619147300720215e-01 9.046772718429565430e-01 2.666622959077358246e-02 -5.124062299728393555e-01 -1.027999371290206909e-01 1.900865323841571808e-02 9.945199489593505859e-01 3.163353271484375000e+02
8.980950713157653809e-01 -4.281379282474517822e-01 1.006108373403549194e-01 1.839365768432617188e+01 4.277767539024353027e-01 9.035033583641052246e-01 2.624094486236572266e-02 -4.987991452217102051e-01 -1.021371111273765564e-01 1.947206631302833557e-02 9.945793151855468750e-01 3.177940063476562500e+02
8.977119922637939453e-01 -4.292364716529846191e-01 9.934072941541671753e-02 1.856220436096191406e+01 4.289128482341766357e-01 9.029804468154907227e-01 2.569060586392879486e-02 -4.879967570304870605e-01 -1.007302105426788330e-01 1.954570785164833069e-02 9.947213530540466309e-01 3.193005065917968750e+02
8.970118761062622070e-01 -4.305766224861145020e-01 9.986390173435211182e-02 1.871169471740722656e+01 4.302915930747985840e-01 9.023299217224121094e-01 2.549142576754093170e-02 -4.772900938987731934e-01 -1.010863259434700012e-01 2.010444551706314087e-02 9.946740865707397461e-01 3.206782531738281250e+02
8.964796066284179688e-01 -4.322281181812286377e-01 9.748072922229766846e-02 1.887396812438964844e+01 4.320626854896545410e-01 9.015267491340637207e-01 2.390238642692565918e-02 -4.681836366653442383e-01 -9.821289032697677612e-02 2.068974263966083527e-02 9.949499368667602539e-01 3.221694030761718750e+02
8.957036137580871582e-01 -4.338502287864685059e-01 9.740792214870452881e-02 1.905483436584472656e+01 4.336400330066680908e-01 9.007548689842224121e-01 2.443298883736133575e-02 -4.562689065933227539e-01 -9.834104031324386597e-02 2.035521529614925385e-02 9.949442148208618164e-01 3.238763122558593750e+02
8.943368196487426758e-01 -4.367307126522064209e-01 9.709358960390090942e-02 1.922010612487792969e+01 4.364196360111236572e-01 8.993803262710571289e-01 2.555307373404502869e-02 -4.462617933750152588e-01 -9.848399460315704346e-02 1.952045038342475891e-02 9.949468374252319336e-01 3.254497680664062500e+02
8.930159211158752441e-01 -4.391137957572937012e-01 9.849286079406738281e-02 1.938295936584472656e+01 4.388234615325927734e-01 8.982038497924804688e-01 2.576416172087192535e-02 -4.372935593128204346e-01 -9.978018701076507568e-02 2.021312527358531952e-02 9.948038458824157715e-01 3.269632263183593750e+02
8.921470642089843750e-01 -4.407955408096313477e-01 9.885431081056594849e-02 1.955909729003906250e+01 4.406429231166839600e-01 8.973463177680969238e-01 2.456297911703586578e-02 -4.251013994216918945e-01 -9.953392297029495239e-02 2.164562232792377472e-02 9.947983622550964355e-01 3.285800781250000000e+02
8.908264636993408203e-01 -4.431255161762237549e-01 1.003354713320732117e-01 1.972744941711425781e+01 4.430814981460571289e-01 8.961612582206726074e-01 2.395355142652988434e-02 -4.127485752105712891e-01 -1.005313098430633545e-01 2.311829105019569397e-02 9.946649074554443359e-01 3.301388244628906250e+02
8.898544907569885254e-01 -4.450071752071380615e-01 1.006320565938949585e-01 1.988549041748046875e+01 4.449360966682434082e-01 8.952298164367675781e-01 2.440090291202068329e-02 -3.999314606189727783e-01 -1.009475141763687134e-01 2.306153997778892517e-02 9.946240782737731934e-01 3.316100463867187500e+02
8.886798024177551270e-01 -4.473586380481719971e-01 1.005865633487701416e-01 2.004470634460449219e+01 4.472722709178924561e-01 8.940572142601013184e-01 2.468118071556091309e-02 -3.903588950634002686e-01 -1.009716019034385681e-01 2.305587008595466614e-02 9.946217536926269531e-01 3.330463256835937500e+02
8.875407576560974121e-01 -4.493640065193176270e-01 1.016988307237625122e-01 2.019999313354492188e+01 4.491564929485321045e-01 8.930678367614746094e-01 2.623525820672512054e-02 -3.784660398960113525e-01 -1.026132553815841675e-01 2.239378727972507477e-02 9.944688081741333008e-01 3.344507751464843750e+02
8.862617611885070801e-01 -4.517237246036529541e-01 1.023959219455718994e-01 2.036046791076660156e+01 4.514902234077453613e-01 8.918740153312683105e-01 2.678218297660350800e-02 -3.649375736713409424e-01 -1.034225448966026306e-01 2.249469049274921417e-02 9.943826794624328613e-01 3.359213256835937500e+02
8.857457637786865234e-01 -4.525494873523712158e-01 1.032114475965499878e-01 2.051687812805175781e+01 4.523524343967437744e-01 8.914405703544616699e-01 2.666349709033966064e-02 -3.497559726238250732e-01 -1.040735691785812378e-01 2.307083085179328918e-02 9.943015575408935547e-01 3.373085632324218750e+02
8.853329420089721680e-01 -4.533939957618713379e-01 1.030467599630355835e-01 2.066874313354492188e+01 4.532299041748046875e-01 8.910037279129028320e-01 2.636302821338176727e-02 -3.395054042339324951e-01 -1.037680357694625854e-01 2.336377650499343872e-02 9.943266510963439941e-01 3.386546936035156250e+02
8.839898705482482910e-01 -4.559259116649627686e-01 1.034048199653625488e-01 2.081859779357910156e+01 4.557363092899322510e-01 8.897098898887634277e-01 2.684408612549304962e-02 -3.285739123821258545e-01 -1.042393594980239868e-01 2.339539118111133575e-02 9.942765831947326660e-01 3.399847412109375000e+02
8.829632997512817383e-01 -4.578509628772735596e-01 1.036700457334518433e-01 2.096711730957031250e+01 4.576275944709777832e-01 8.887233138084411621e-01 2.734439820051193237e-02 -3.169619739055633545e-01 -1.046538054943084717e-01 2.329813130199909210e-02 9.942353367805480957e-01 3.412992248535156250e+02
8.823519945144653320e-01 -4.590861499309539795e-01 1.034114509820938110e-01 2.114152526855468750e+01 4.589412510395050049e-01 8.880677819252014160e-01 2.661425061523914337e-02 -2.990886867046356201e-01 -1.040547713637351990e-01 2.397659979760646820e-02 9.942820668220520020e-01 3.428289184570312500e+02
8.808866739273071289e-01 -4.618105888366699219e-01 1.037728488445281982e-01 2.131692695617675781e+01 4.617075920104980469e-01 8.866370916366577148e-01 2.646827325224876404e-02 -2.856566011905670166e-01 -1.042323485016822815e-01 2.459711767733097076e-02 9.942483305931091309e-01 3.443479003906250000e+02
8.797516226768493652e-01 -4.636405408382415771e-01 1.052313223481178284e-01 2.147661590576171875e+01 4.636388123035430908e-01 8.856433629989624023e-01 2.597582153975963593e-02 -2.767657637596130371e-01 -1.052410155534744263e-01 2.593701332807540894e-02 9.941080212593078613e-01 3.457415161132812500e+02
8.786909580230712891e-01 -4.659463167190551758e-01 1.039004400372505188e-01 2.163063812255859375e+01 4.659321010112762451e-01 8.844410181045532227e-01 2.590916678309440613e-02 -2.672976553440093994e-01 -1.039662435650825500e-01 2.564436197280883789e-02 9.942497611045837402e-01 3.470883178710937500e+02
8.783136606216430664e-01 -4.669147133827209473e-01 1.027366220951080322e-01 2.178381919860839844e+01 4.669663608074188232e-01 8.839203715324401855e-01 2.504209242761135101e-02 -2.562817633152008057e-01 -1.025036647915840149e-01 2.597969584167003632e-02 9.943928718566894531e-01 3.484437255859375000e+02
8.778990507125854492e-01 -4.676485359668731689e-01 1.029421612620353699e-01 2.195315170288085938e+01 4.677467644214630127e-01 8.835175633430480957e-01 2.468799985945224762e-02 -2.426226288080215454e-01 -1.024966612458229065e-01 2.647725865244865417e-02 9.943804740905761719e-01 3.499411315917968750e+02
8.770791888236999512e-01 -4.690271615982055664e-01 1.036559045314788818e-01 2.210975456237792969e+01 4.691333770751953125e-01 8.827765583992004395e-01 2.488255314528942108e-02 -2.331881225109100342e-01 -1.031757518649101257e-01 2.680444158613681793e-02 9.943014383316040039e-01 3.513178710937500000e+02
8.763724565505981445e-01 -4.702754616737365723e-01 1.039770618081092834e-01 2.224943351745605469e+01 4.702893197536468506e-01 8.821310997009277344e-01 2.593032643198966980e-02 -2.227119207382202148e-01 -1.039159521460533142e-01 2.617464587092399597e-02 9.942411184310913086e-01 3.525645446777343750e+02
8.751755952835083008e-01 -4.724581241607666016e-01 1.041625142097473145e-01 2.240723419189453125e+01 4.724689722061157227e-01 8.809592723846435547e-01 2.614394575357437134e-02 -2.084779441356658936e-01 -1.041150167584419250e-01 2.633297815918922424e-02 9.942160844802856445e-01 3.539175415039062500e+02
8.741082549095153809e-01 -4.740553498268127441e-01 1.058542728424072266e-01 2.256782341003417969e+01 4.740428328514099121e-01 8.800907135009765625e-01 2.689663507044315338e-02 -1.932006031274795532e-01 -1.059120297431945801e-01 2.666885405778884888e-02 9.940173029899597168e-01 3.553090515136718750e+02
8.734993934631347656e-01 -4.749943315982818604e-01 1.066683307290077209e-01 2.272048187255859375e+01 4.751453399658203125e-01 8.795336484909057617e-01 2.563603781163692474e-02 -1.798286736011505127e-01 -1.059955358505249023e-01 2.828986197710037231e-02 9.939635992050170898e-01 3.566320190429687500e+02
8.733350634574890137e-01 -4.753613770008087158e-01 1.063786596059799194e-01 2.287795829772949219e+01 4.757055044174194336e-01 8.792836070060729980e-01 2.375828847289085388e-02 -1.650597751140594482e-01 -1.048309579491615295e-01 2.985593304038047791e-02 9.940413236618041992e-01 3.579842529296875000e+02
8.723517656326293945e-01 -4.768320322036743164e-01 1.078547239303588867e-01 2.302125549316406250e+01 4.772347807884216309e-01 8.784553408622741699e-01 2.372864447534084320e-02 -1.510448008775711060e-01 -1.060603037476539612e-01 3.077226132154464722e-02 9.938829541206359863e-01 3.592018737792968750e+02
8.715719580650329590e-01 -4.785045385360717773e-01 1.067457646131515503e-01 2.317744445800781250e+01 4.788916110992431641e-01 8.775550723075866699e-01 2.366117760539054871e-02 -1.422401070594787598e-01 -1.049974337220191956e-01 3.049719333648681641e-02 9.940043091773986816e-01 3.605147705078125000e+02
8.704273700714111328e-01 -4.805467426776885986e-01 1.069116517901420593e-01 2.332506370544433594e+01 4.810675680637359619e-01 8.763927817344665527e-01 2.257469482719898224e-02 -1.379635632038116455e-01 -1.045449599623680115e-01 3.178205713629722595e-02 9.940117597579956055e-01 3.618057861328125000e+02
