9.999936223030090332e-01 -3.530671121552586555e-03 5.652341642417013645e-04 8.854322368279099464e-04 3.530762856826186180e-03 9.999937415122985840e-01 -1.611974730622023344e-04 -2.253202721476554871e-02 -5.646615172736346722e-04 1.631921622902154922e-04 9.999998211860656738e-01 1.432199478149414062e+00
9.999850392341613770e-01 -5.446468945592641830e-03 5.641472525894641876e-04 -1.029353868216276169e-02 5.445585586130619049e-03 9.999840259552001953e-01 1.555358991026878357e-03 -3.672939911484718323e-02 -5.726094241254031658e-04 -1.552263624034821987e-03 9.999986290931701660e-01 2.852283239364624023e+00
9.999731779098510742e-01 -7.191262207925319672e-03 -1.389973214827477932e-03 -5.305215250700712204e-03 7.193693425506353378e-03 9.999726414680480957e-01 1.752307987771928310e-03 -6.297498941421508789e-02 1.377333654090762138e-03 -1.762259867973625660e-03 9.999974966049194336e-01 4.230613708496093750e+00
9.999271035194396973e-01 -8.493005298078060150e-03 -8.579388260841369629e-03 -7.436612620949745178e-03 8.520446717739105225e-03 9.999587535858154297e-01 3.167192451655864716e-03 -8.108431845903396606e-02 8.552134968340396881e-03 -3.240061691030859947e-03 9.999582171440124512e-01 5.588525295257568359e+00
9.998680949211120605e-01 -1.304266322404146194e-02 -9.674769826233386993e-03 -1.787069067358970642e-02 1.305267959833145142e-02 9.999144077301025391e-01 9.730402380228042603e-04 -8.789159357547760010e-02 9.661249816417694092e-03 -1.099193235859274864e-03 9.999527931213378906e-01 6.996241092681884766e+00
9.998884797096252441e-01 -1.172457542270421982e-02 -9.245664812624454498e-03 -3.508917614817619324e-02 1.174960937350988388e-02 9.999275207519531250e-01 2.658101962879300117e-03 -1.041880473494529724e-01 9.213828481733798981e-03 -2.766438294202089310e-03 9.999538064002990723e-01 8.393857955932617188e+00
9.998046159744262695e-01 -1.604508608579635620e-02 -1.154486835002899170e-02 -4.812655597925186157e-02 1.612808927893638611e-02 9.998446106910705566e-01 7.132775150239467621e-03 -1.147172898054122925e-01 1.142862625420093536e-02 -7.317578420042991638e-03 9.999080300331115723e-01 9.835010528564453125e+00
9.997232556343078613e-01 -1.919978111982345581e-02 -1.359458453953266144e-02 -5.908294022083282471e-02 1.930495537817478180e-02 9.997845292091369629e-01 7.647985126823186874e-03 -1.292885392904281616e-01 1.344481203705072403e-02 -7.908311672508716583e-03 9.998784661293029785e-01 1.130029773712158203e+01
9.996979236602783203e-01 -2.015120908617973328e-02 -1.406839489936828613e-02 -7.897368073463439941e-02 2.029098011553287506e-02 9.997455477714538574e-01 9.863954037427902222e-03 -1.386237442493438721e-01 1.386604085564613342e-02 -1.014643721282482147e-02 9.998525381088256836e-01 1.277963542938232422e+01
9.997239708900451660e-01 -2.045167796313762665e-02 -1.156121399253606796e-02 -9.469366818666458130e-02 2.056799456477165222e-02 9.997382164001464844e-01 1.003299746662378311e-02 -1.461299806833267212e-01 1.135299168527126312e-02 -1.026802044361829758e-02 9.998829960823059082e-01 1.417965793609619141e+01
9.997206926345825195e-01 -2.105556614696979523e-02 -1.073717605322599411e-02 -1.016079485416412354e-01 2.115544304251670837e-02 9.997333288192749023e-01 9.274604730308055878e-03 -1.615387052297592163e-01 1.053902599960565567e-02 -9.499164298176765442e-03 9.998995065689086914e-01 1.559980773925781250e+01
9.996892809867858887e-01 -2.340042591094970703e-02 -8.594875223934650421e-03 -1.072493642568588257e-01 2.347650378942489624e-02 9.996852278709411621e-01 8.859793655574321747e-03 -1.684709787368774414e-01 8.384842425584793091e-03 -9.058819152414798737e-03 9.999239444732666016e-01 1.718873786926269531e+01
9.995445609092712402e-01 -2.673942781984806061e-02 -1.399513613432645798e-02 -1.137903183698654175e-01 2.691496163606643677e-02 9.995595216751098633e-01 1.250801794230937958e-02 -1.685549765825271606e-01 1.365451142191886902e-02 -1.287900004535913467e-02 9.998239874839782715e-01 1.875690078735351562e+01
9.994817972183227539e-01 -2.814414165914058685e-02 -1.562713459134101868e-02 -1.484034657478332520e-01 2.840384282171726227e-02 9.994578957557678223e-01 1.665288023650646210e-02 -1.670302897691726685e-01 1.514997892081737518e-02 -1.708812266588211060e-02 9.997393488883972168e-01 2.031890296936035156e+01
9.994297027587890625e-01 -2.898424491286277771e-02 -1.733152754604816437e-02 -1.596081256866455078e-01 2.933369576930999756e-02 9.993643760681152344e-01 2.026003412902355194e-02 -1.682503968477249146e-01 1.673328876495361328e-02 -2.075687795877456665e-02 9.996446371078491211e-01 2.178851890563964844e+01
9.991331100463867188e-01 -3.315638378262519836e-02 -2.517628669738769531e-02 -1.915905773639678955e-01 3.383026272058486938e-02 9.990674853324890137e-01 2.682929672300815582e-02 -1.573377698659896851e-01 2.426324784755706787e-02 -2.765775844454765320e-02 9.993230700492858887e-01 2.334364318847656250e+01
9.990903735160827637e-01 -3.222663700580596924e-02 -2.792924642562866211e-02 -2.385504394769668579e-01 3.299827873706817627e-02 9.990737438201904297e-01 2.762210555374622345e-02 -1.372356116771697998e-01 2.701321057975292206e-02 -2.851859666407108307e-02 9.992282986640930176e-01 2.490176582336425781e+01
9.989392161369323730e-01 -3.411103039979934692e-02 -3.093755617737770081e-02 -2.716379165649414062e-01 3.496861830353736877e-02 9.990068674087524414e-01 2.761560119688510895e-02 -1.246526837348937988e-01 2.996483445167541504e-02 -2.866815030574798584e-02 9.991398453712463379e-01 2.637432670593261719e+01
9.988320469856262207e-01 -3.552691265940666199e-02 -3.275275230407714844e-02 -3.185828626155853271e-01 3.665304929018020630e-02 9.987341761589050293e-01 3.444846719503402710e-02 -1.031054183840751648e-01 3.148745000362396240e-02 -3.560872003436088562e-02 9.988697171211242676e-01 2.776530838012695312e+01
9.984948039054870605e-01 -3.685205802321434021e-02 -4.062519967555999756e-02 -3.712512254714965820e-01 3.840247541666030884e-02 9.985370039939880371e-01 3.806773573160171509e-02 -7.342724502086639404e-02 3.916290029883384705e-02 -3.957054391503334045e-02 9.984491467475891113e-01 2.918583297729492188e+01
9.982953667640686035e-01 -3.953005000948905945e-02 -4.294248670339584351e-02 -4.142701029777526855e-01 4.119757935404777527e-02 9.984025955200195312e-01 3.866636380553245544e-02 -3.818568587303161621e-02 4.134541749954223633e-02 -4.036957398056983948e-02 9.983291625976562500e-01 3.071726036071777344e+01
9.977090358734130859e-01 -4.388786479830741882e-02 -5.148524418473243713e-02 -4.665676057338714600e-01 4.602911695837974548e-02 9.980914592742919922e-01 4.116806387901306152e-02 3.145035356283187866e-03 4.958021268248558044e-02 -4.344357550144195557e-02 9.978249669075012207e-01 3.210815811157226562e+01
9.973377585411071777e-01 -4.682137444615364075e-02 -5.590450018644332886e-02 -5.477984547615051270e-01 4.924965649843215942e-02 9.978656768798828125e-01 4.287822172045707703e-02 4.571659490466117859e-02 5.377757921814918518e-02 -4.551735147833824158e-02 9.975150823593139648e-01 3.361638641357421875e+01
9.970831871032714844e-01 -4.601917043328285217e-02 -6.088895350694656372e-02 -6.236267685890197754e-01 4.892689362168312073e-02 9.976884722709655762e-01 4.715761542320251465e-02 8.439946174621582031e-02 5.857806652784347534e-02 -4.999918118119239807e-02 9.970300197601318359e-01 3.511087036132812500e+01
9.965638518333435059e-01 -4.951135441660881042e-02 -6.640212237834930420e-02 -7.065397500991821289e-01 5.305929854512214661e-02 9.971957802772521973e-01 5.277624353766441345e-02 1.384054571390151978e-01 6.360290944576263428e-02 -5.611816048622131348e-02 9.963963627815246582e-01 3.666851043701171875e+01
9.965211749076843262e-01 -5.111115798354148865e-02 -6.582761555910110474e-02 -7.847990393638610840e-01 5.456215888261795044e-02 9.971690177917480469e-01 5.173930153250694275e-02 1.988114118576049805e-01 6.299681961536407471e-02 -5.515102297067642212e-02 9.964888691902160645e-01 3.818426895141601562e+01
9.958005547523498535e-01 -5.671818554401397705e-02 -7.186403870582580566e-02 -8.768143057823181152e-01 6.061097979545593262e-02 9.967429041862487793e-01 5.319752171635627747e-02 2.558971047401428223e-01 6.861272454261779785e-02 -5.732988938689231873e-02 9.959948658943176270e-01 3.960696029663085938e+01
9.959887862205505371e-01 -5.708967521786689758e-02 -6.889998167753219604e-02 -9.708219766616821289e-01 6.090354546904563904e-02 9.966500997543334961e-01 5.458355695009231567e-02 3.059615194797515869e-01 6.555304676294326782e-02 -5.856088548898696899e-02 9.961292743682861328e-01 4.115340042114257812e+01
9.961572885513305664e-01 -5.839200317859649658e-02 -6.527822464704513550e-02 -1.067321181297302246e+00 6.208060309290885925e-02 9.964998960494995117e-01 5.598190054297447205e-02 3.629968762397766113e-01 6.178088113665580750e-02 -5.981931090354919434e-02 9.962955117225646973e-01 4.270877838134765625e+01
9.959791302680969238e-01 -6.006940454244613647e-02 -6.646347045898437500e-02 -1.158929228782653809e+00 6.388399749994277954e-02 9.963373541831970215e-01 5.683903023600578308e-02 4.119077920913696289e-01 6.280577927827835083e-02 -6.085645779967308044e-02 9.961686134338378906e-01 4.416630935668945312e+01
9.959419369697570801e-01 -6.038768216967582703e-02 -6.673215329647064209e-02 -1.242425441741943359e+00 6.428648531436920166e-02 9.962499141693115234e-01 5.790864303708076477e-02 4.735589623451232910e-01 6.298495084047317505e-02 -6.196363642811775208e-02 9.960890412330627441e-01 4.554147720336914062e+01
9.958632588386535645e-01 -5.846453830599784851e-02 -6.955856084823608398e-02 -1.329361200332641602e+00 6.242416054010391235e-02 9.964671730995178223e-01 5.618168786168098450e-02 5.306621193885803223e-01 6.602820008993148804e-02 -6.029142811894416809e-02 9.959945678710937500e-01 4.693940353393554688e+01
9.957262873649597168e-01 -6.046131625771522522e-02 -6.981141120195388794e-02 -1.434378862380981445e+00 6.442471593618392944e-02 9.963506460189819336e-01 5.598942562937736511e-02 5.967831611633300781e-01 6.617146730422973633e-02 -6.024773791432380676e-02 9.959877133369445801e-01 4.842897796630859375e+01
9.959397912025451660e-01 -5.909321084618568420e-02 -6.791184842586517334e-02 -1.514867067337036133e+00 6.284685432910919189e-02 9.965322017669677734e-01 5.453213676810264587e-02 6.513689756393432617e-01 6.445388495922088623e-02 -5.857878178358078003e-02 9.961999058723449707e-01 4.978969955444335938e+01
9.958824515342712402e-01 -5.977384001016616821e-02 -6.815677136182785034e-02 -1.599054455757141113e+00 6.355434656143188477e-02 9.964771866798400879e-01 5.471764504909515381e-02 7.109730243682861328e-01 6.464600563049316406e-02 -5.882401391863822937e-02 9.961730241775512695e-01 5.120667648315429688e+01
9.956739544868469238e-01 -6.021295487880706787e-02 -7.076703011989593506e-02 -1.698314428329467773e+00 6.413704156875610352e-02 9.964489936828613281e-01 5.455119535326957703e-02 7.705949544906616211e-01 6.723107397556304932e-02 -5.885400250554084778e-02 9.960001111030578613e-01 5.261775588989257812e+01
9.946427941322326660e-01 -6.473387777805328369e-02 -8.059351146221160889e-02 -1.794573068618774414e+00 6.943586468696594238e-02 9.959582090377807617e-01 5.697282776236534119e-02 8.282133936882019043e-01 7.657972723245620728e-02 -6.226370856165885925e-02 9.951174259185791016e-01 5.400830459594726562e+01
9.944765567779541016e-01 -6.593099236488342285e-02 -8.166748285293579102e-02 -1.900308847427368164e+00 7.073787599802017212e-02 9.958401322364807129e-01 5.743315815925598145e-02 8.823927640914916992e-01 7.754117250442504883e-02 -6.289293617010116577e-02 9.950033426284790039e-01 5.541957473754882812e+01
9.940350055694580078e-01 -6.708107888698577881e-02 -8.599237352609634399e-02 -2.009537935256958008e+00 7.238695025444030762e-02 9.955616593360900879e-01 6.014251336455345154e-02 9.420409798622131348e-01 8.157632499933242798e-02 -6.600851565599441528e-02 9.944787621498107910e-01 5.678163528442382812e+01
9.941442608833312988e-01 -6.926228851079940796e-02 -8.294672518968582153e-02 -2.121264457702636719e+00 7.431089878082275391e-02 9.954640865325927734e-01 5.940697342157363892e-02 9.987080097198486328e-01 7.845585793256759644e-02 -6.522297114133834839e-02 9.947816133499145508e-01 5.821065521240234375e+01
9.933847188949584961e-01 -6.888332962989807129e-02 -9.188161045312881470e-02 -2.251001834869384766e+00 7.481731474399566650e-02 9.952191114425659180e-01 6.278017163276672363e-02 1.066854476928710938e+00 8.711785823106765747e-02 -6.923922151327133179e-02 9.937888383865356445e-01 5.972988891601562500e+01
9.924777746200561523e-01 -7.256744056940078735e-02 -9.860055893659591675e-02 -2.375281095504760742e+00 7.912057638168334961e-02 9.947919249534606934e-01 6.425806879997253418e-02 1.140685558319091797e+00 9.342402219772338867e-02 -7.157606631517410278e-02 9.930501580238342285e-01 6.112941360473632812e+01
9.920992851257324219e-01 -7.263657450675964355e-02 -1.022894382476806641e-01 -2.507537603378295898e+00 7.942830771207809448e-02 9.947863221168518066e-01 6.396421790122985840e-02 1.204698920249938965e+00 9.711002558469772339e-02 -7.158356904983520508e-02 9.926959276199340820e-01 6.249326705932617188e+01
9.913957715034484863e-01 -8.057668805122375488e-02 -1.031597033143043518e-01 -2.660979270935058594e+00 8.723235875368118286e-02 9.942745566368103027e-01 6.171419471502304077e-02 1.276523709297180176e+00 9.759637713432312012e-02 -7.018209248781204224e-02 9.927482604980468750e-01 6.398015213012695312e+01
9.915328025817871094e-01 -7.961291074752807617e-02 -1.025892272591590881e-01 -2.801978588104248047e+00 8.647734671831130981e-02 9.941771030426025391e-01 6.429296731948852539e-02 1.334697961807250977e+00 9.687335044145584106e-02 -7.262025773525238037e-02 9.926436543464660645e-01 6.534169769287109375e+01
9.904696941375732422e-01 -8.407918363809585571e-02 -1.090897992253303528e-01 -2.959289312362670898e+00 9.208481013774871826e-02 9.932492375373840332e-01 7.054365426301956177e-02 1.415266275405883789e+00 1.024221405386924744e-01 -7.991688698530197144e-02 9.915253520011901855e-01 6.678608703613281250e+01
9.900047183036804199e-01 -8.361721038818359375e-02 -1.135729327797889709e-01 -3.113188743591308594e+00 9.222581237554550171e-02 9.930747747421264648e-01 7.277977466583251953e-02 1.502147555351257324e+00 1.067008078098297119e-01 -8.252669870853424072e-02 9.908601641654968262e-01 6.821909332275390625e+01
9.891205430030822754e-01 -8.627363294363021851e-02 -1.191523820161819458e-01 -3.284628152847290039e+00 9.561946243047714233e-02 9.925827980041503906e-01 7.507546991109848022e-02 1.585599660873413086e+00 1.117916107177734375e-01 -8.565200120210647583e-02 9.900333285331726074e-01 6.966309356689453125e+01
9.888207912445068359e-01 -8.604996651411056519e-02 -1.217736303806304932e-01 -3.448517322540283203e+00 9.589027613401412964e-02 9.923788309097290039e-01 7.739028334617614746e-02 1.670215129852294922e+00 1.141861826181411743e-01 -8.820205181837081909e-02 9.895359873771667480e-01 7.109745025634765625e+01
9.889354109764099121e-01 -8.613298833370208740e-02 -1.207798570394515991e-01 -3.611919879913330078e+00 9.626346081495285034e-02 9.920786023139953613e-01 8.070570230484008789e-02 1.769589304924011230e+00 1.128717213869094849e-01 -9.143944084644317627e-02 9.893928766250610352e-01 7.256343841552734375e+01
9.886826872825622559e-01 -8.613017946481704712e-02 -1.228333190083503723e-01 -3.767467737197875977e+00 9.654784202575683594e-02 9.919829368591308594e-01 8.153720945119857788e-02 1.859738588333129883e+00 1.148257851600646973e-01 -9.247374534606933594e-02 9.890718460083007812e-01 7.393988037109375000e+01
9.884300827980041504e-01 -8.720827102661132812e-02 -1.240990981459617615e-01 -3.938618659973144531e+00 9.790620952844619751e-02 9.917382597923278809e-01 8.288244158029556274e-02 1.957088112831115723e+00 1.158458292484283447e-01 -9.407359361648559570e-02 9.888019561767578125e-01 7.537784576416015625e+01
9.879127144813537598e-01 -8.965945988893508911e-02 -1.264498680830001831e-01 -4.102118492126464844e+00 1.006157472729682922e-01 9.914495944976806641e-01 8.308979123830795288e-02 2.048875093460083008e+00 1.179189383983612061e-01 -9.480833262205123901e-02 9.884866476058959961e-01 7.675205993652343750e+01
9.878063797950744629e-01 -9.150587767362594604e-02 -1.259571313858032227e-01 -4.271924972534179688e+00 1.023440286517143250e-01 9.913269877433776855e-01 8.243906497955322266e-02 2.146663904190063477e+00 1.173211038112640381e-01 -9.432481974363327026e-02 9.886040091514587402e-01 7.817527008056640625e+01
9.876077771186828613e-01 -9.288401156663894653e-02 -1.265045702457427979e-01 -4.464543342590332031e+00 1.039296388626098633e-01 9.910563826560974121e-01 8.369953185319900513e-02 2.249494552612304688e+00 1.175988689064979553e-01 -9.580991417169570923e-02 9.884281754493713379e-01 7.962018585205078125e+01
9.871580600738525391e-01 -9.397000074386596680e-02 -1.291841864585876465e-01 -4.637013912200927734e+00 1.053347140550613403e-01 9.908705353736877441e-01 8.414235711097717285e-02 2.343400955200195312e+00 1.200979873538017273e-01 -9.666941314935684204e-02 9.880439639091491699e-01 8.103173065185546875e+01
9.864496588706970215e-01 -9.710263460874557495e-02 -1.322424560785293579e-01 -4.819914817810058594e+00 1.091105118393898010e-01 9.902331829071044922e-01 8.679319173097610474e-02 2.447781562805175781e+00 1.225230544805526733e-01 -1.000461950898170471e-01 9.874098896980285645e-01 8.251195526123046875e+01
9.860603809356689453e-01 -9.786115586757659912e-02 -1.345662772655487061e-01 -4.979461669921875000e+00 1.105578243732452393e-01 9.897543191909790039e-01 9.035059809684753418e-02 2.553661584854125977e+00 1.243457794189453125e-01 -1.039685308933258057e-01 9.867765903472900391e-01 8.383692169189453125e+01
9.858337044715881348e-01 -9.808490425348281860e-02 -1.360560655593872070e-01 -5.169417381286621094e+00 1.111286059021949768e-01 9.895542860031127930e-01 9.182938933372497559e-02 2.666162252426147461e+00 1.256278157234191895e-01 -1.056482568383216858e-01 9.864357709884643555e-01 8.525746917724609375e+01
9.851041436195373535e-01 -1.005744934082031250e-01 -1.394795179367065430e-01 -5.377870082855224609e+00 1.142232343554496765e-01 9.890397191047668457e-01 9.355907887220382690e-02 2.787768363952636719e+00 1.285411566495895386e-01 -1.080972626805305481e-01 9.857949018478393555e-01 8.681167602539062500e+01
9.846848249435424805e-01 -1.028074622154235840e-01 -1.408059746026992798e-01 -5.571282863616943359e+00 1.166067719459533691e-01 9.887650012969970703e-01 9.352207928895950317e-02 2.895774126052856445e+00 1.296092718839645386e-01 -1.085087209939956665e-01 9.856098294258117676e-01 8.820973968505859375e+01
9.843285679817199707e-01 -1.066602021455764771e-01 -1.404307484626770020e-01 -5.760309696197509766e+00 1.204535663127899170e-01 9.882892966270446777e-01 9.367396682500839233e-02 3.006983757019042969e+00 1.287949532270431519e-01 -1.091213524341583252e-01 9.856489896774291992e-01 8.962034606933593750e+01
9.843486547470092773e-01 -1.043168827891349792e-01 -1.420406699180603027e-01 -5.959521293640136719e+00 1.189735680818557739e-01 9.879572391510009766e-01 9.892107546329498291e-02 3.123103380203247070e+00 1.300109922885894775e-01 -1.142719238996505737e-01 9.849054217338562012e-01 9.104174804687500000e+01
9.835271835327148438e-01 -1.079926118254661560e-01 -1.449544131755828857e-01 -6.145609378814697266e+00 1.229356005787849426e-01 9.875229001045227051e-01 9.841224551200866699e-02 3.230886220932006836e+00 1.325180381536483765e-01 -1.146111786365509033e-01 9.845317602157592773e-01 9.239154815673828125e+01
9.834085106849670410e-01 -1.095042824745178223e-01 -1.446251124143600464e-01 -6.354253292083740234e+00 1.245544999837875366e-01 9.872155785560607910e-01 9.945421665906906128e-02 3.357650756835937500e+00 1.318855583667755127e-01 -1.158178374171257019e-01 9.844754934310913086e-01 9.388152313232421875e+01
9.828958511352539062e-01 -1.122312769293785095e-01 -1.460128724575042725e-01 -6.540898799896240234e+00 1.276195794343948364e-01 9.867016077041625977e-01 1.006619185209274292e-01 3.467811584472656250e+00 1.327737867832183838e-01 -1.175742968916893005e-01 9.841478466987609863e-01 9.526855468750000000e+01
9.831025600433349609e-01 -1.155087947845458984e-01 -1.420102864503860474e-01 -6.743447780609130859e+00 1.304030120372772217e-01 9.863581061363220215e-01 1.004607155919075012e-01 3.600679874420166016e+00 1.284689903259277344e-01 -1.172817647457122803e-01 9.847539067268371582e-01 9.670851898193359375e+01
9.823507666587829590e-01 -1.168081760406494141e-01 -1.460913568735122681e-01 -6.936864376068115234e+00 1.320984959602355957e-01 9.862064123153686523e-01 9.973236918449401855e-02 3.725588083267211914e+00 1.324267536401748657e-01 -1.172706261277198792e-01 9.842308163642883301e-01 9.813921356201171875e+01
9.817777276039123535e-01 -1.201531365513801575e-01 -1.472263038158416748e-01 -7.149071693420410156e+00 1.357741802930831909e-01 9.855705499649047852e-01 1.010730713605880737e-01 3.852746725082397461e+00 1.329577267169952393e-01 -1.192208305001258850e-01 9.839248657226562500e-01 9.958958435058593750e+01
9.806990027427673340e-01 -1.219842731952667236e-01 -1.528039723634719849e-01 -7.372352600097656250e+00 1.384424716234207153e-01 9.850910305976867676e-01 1.021224632859230042e-01 3.984599590301513672e+00 1.380685567855834961e-01 -1.213059723377227783e-01 9.829655885696411133e-01 1.010786132812500000e+02
9.798047542572021484e-01 -1.238840222358703613e-01 -1.569558829069137573e-01 -7.586421966552734375e+00 1.409821361303329468e-01 9.846485257148742676e-01 1.029121428728103638e-01 4.110466480255126953e+00 1.417972743511199951e-01 -1.229617968201637268e-01 9.822288155555725098e-01 1.025567321777343750e+02
9.785842895507812500e-01 -1.317854225635528564e-01 -1.581301540136337280e-01 -7.789906501770019531e+00 1.501523107290267944e-01 9.824773669242858887e-01 1.104179546236991882e-01 4.239305973052978516e+00 1.408078819513320923e-01 -1.317969113588333130e-01 9.812248349189758301e-01 1.039018630981445312e+02
9.772067666053771973e-01 -1.335460841655731201e-01 -1.650216132402420044e-01 -8.008612632751464844e+00 1.534840911626815796e-01 9.814823865890502930e-01 1.146060228347778320e-01 4.375004768371582031e+00 1.466607004404067993e-01 -1.373219937086105347e-01 9.796085357666015625e-01 1.052779769897460938e+02
9.769897460937500000e-01 -1.342613101005554199e-01 -1.657245755195617676e-01 -8.239005088806152344e+00 1.543355137109756470e-01 9.813224673271179199e-01 1.148320809006690979e-01 4.518843650817871094e+00 1.472118198871612549e-01 -1.377669870853424072e-01 9.794633388519287109e-01 1.066721267700195312e+02
9.770995974540710449e-01 -1.341588050127029419e-01 -1.651591062545776367e-01 -8.476688385009765625e+00 1.544516086578369141e-01 9.810683727264404297e-01 1.168301999568939209e-01 4.664937973022460938e+00 1.463586390018463135e-01 -1.396638602018356323e-01 9.793225526809692383e-01 1.081292572021484375e+02
9.764835834503173828e-01 -1.346216499805450439e-01 -1.683944165706634521e-01 -8.715846061706542969e+00 1.553408205509185791e-01 9.809592366218566895e-01 1.165676414966583252e-01 4.815282821655273438e+00 1.494955867528915405e-01 -1.399849355220794678e-01 9.788027405738830566e-01 1.096193771362304688e+02
9.766172170639038086e-01 -1.316602230072021484e-01 -1.699535697698593140e-01 -8.946471214294433594e+00 1.529424786567687988e-01 9.810619354248046875e-01 1.188521906733512878e-01 4.960742950439453125e+00 1.510869264602661133e-01 -1.420662403106689453e-01 9.782583117485046387e-01 1.110310974121093750e+02
9.759684205055236816e-01 -1.338371336460113525e-01 -1.719685792922973633e-01 -9.171543121337890625e+00 1.552398204803466797e-01 9.808434247970581055e-01 1.176716014742851257e-01 5.115039348602294922e+00 1.529254615306854248e-01 -1.415401548147201538e-01 9.780488610267639160e-01 1.124258499145507812e+02
9.760317802429199219e-01 -1.340200155973434448e-01 -1.714655309915542603e-01 -9.419186592102050781e+00 1.554629951715469360e-01 9.807211756706237793e-01 1.183940693736076355e-01 5.255953788757324219e+00 1.522927433252334595e-01 -1.422129571437835693e-01 9.780499339103698730e-01 1.138138122558593750e+02
9.765166640281677246e-01 -1.324524730443954468e-01 -1.699154675006866455e-01 -9.647311210632324219e+00 1.542141735553741455e-01 9.804792404174804688e-01 1.219769194722175598e-01 5.390282630920410156e+00 1.504424959421157837e-01 -1.453159004449844360e-01 9.778801798820495605e-01 1.151783447265625000e+02
9.765174984931945801e-01 -1.333653181791305542e-01 -1.691948473453521729e-01 -9.893155097961425781e+00 1.552204787731170654e-01 9.801589846611022949e-01 1.232676431536674500e-01 5.549458026885986328e+00 1.493982523679733276e-01 -1.466355621814727783e-01 9.778432846069335938e-01 1.166210937500000000e+02
9.769487977027893066e-01 -1.335512548685073853e-01 -1.665373742580413818e-01 -1.012365913391113281e+01 1.550069749355316162e-01 9.801934361457824707e-01 1.232621297240257263e-01 5.705913066864013672e+00 1.467770636081695557e-01 -1.462352871894836426e-01 9.783000349998474121e-01 1.180430068969726562e+02
9.770477414131164551e-01 -1.326758414506912231e-01 -1.666565537452697754e-01 -1.034974956512451172e+01 1.542410254478454590e-01 9.802349209785461426e-01 1.238910853862762451e-01 5.867016315460205078e+00 1.469252556562423706e-01 -1.467528343200683594e-01 9.782002568244934082e-01 1.194320755004882812e+02
9.767872095108032227e-01 -1.344812214374542236e-01 -1.667368412017822266e-01 -1.057897567749023438e+01 1.563806831836700439e-01 9.796267151832580566e-01 1.260019391775131226e-01 6.029537200927734375e+00 1.463949829339981079e-01 -1.491515636444091797e-01 9.779169559478759766e-01 1.208183593750000000e+02
9.758320450782775879e-01 -1.383158117532730103e-01 -1.691747009754180908e-01 -1.082565212249755859e+01 1.602840125560760498e-01 9.792624115943908691e-01 1.239117607474327087e-01 6.197049140930175781e+00 1.485274881124496460e-01 -1.480331271886825562e-01 9.777653217315673828e-01 1.222390289306640625e+02
9.744220972061157227e-01 -1.391896307468414307e-01 -1.764297038316726685e-01 -1.106007003784179688e+01 1.622898876667022705e-01 9.789161682128906250e-01 1.240369603037834167e-01 6.349085330963134766e+00 1.554452478885650635e-01 -1.494971662759780884e-01 9.764663577079772949e-01 1.236238327026367188e+02
9.737771749496459961e-01 -1.412582546472549438e-01 -1.783362925052642822e-01 -1.128803730010986328e+01 1.646796017885208130e-01 9.785033464431762695e-01 1.241446286439895630e-01 6.485017776489257812e+00 1.569662243127822876e-01 -1.502576023340225220e-01 9.761062264442443848e-01 1.248898773193359375e+02
9.733825922012329102e-01 -1.409707665443420410e-01 -1.807022988796234131e-01 -1.152088928222656250e+01 1.649556308984756470e-01 9.783017635345458984e-01 1.253603696823120117e-01 6.630838871002197266e+00 1.591092646121978760e-01 -1.518315076828002930e-01 9.755154848098754883e-01 1.262138214111328125e+02
9.693773984909057617e-01 -1.489951610565185547e-01 -1.952118426561355591e-01 -1.177593326568603516e+01 1.753818690776824951e-01 9.764518737792968750e-01 1.256302744150161743e-01 6.789361000061035156e+00 1.718966960906982422e-01 -1.560198068618774414e-01 9.726810455322265625e-01 1.276196746826171875e+02
9.690371751785278320e-01 -1.485380828380584717e-01 -1.972389072179794312e-01 -1.207604408264160156e+01 1.752240657806396484e-01 9.764983057975769043e-01 1.254890710115432739e-01 6.971015930175781250e+00 1.739635914564132690e-01 -1.561646312475204468e-01 9.722902774810791016e-01 1.291689300537109375e+02
9.683981537818908691e-01 -1.478962749242782593e-01 -2.008267641067504883e-01 -1.236209583282470703e+01 1.752999573945999146e-01 9.763853549957275391e-01 1.262593716382980347e-01 7.136584281921386719e+00 1.774110645055770874e-01 -1.574743390083312988e-01 9.714556932449340820e-01 1.305888519287109375e+02
9.681900739669799805e-01 -1.509059220552444458e-01 -1.995873898267745972e-01 -1.263737869262695312e+01 1.784702837467193604e-01 9.755662679672241211e-01 1.281357258558273315e-01 7.294516563415527344e+00 1.753743290901184082e-01 -1.596802175045013428e-01 9.714654684066772461e-01 1.319874877929687500e+02
9.661397933959960938e-01 -1.549223065376281738e-01 -2.063313275575637817e-01 -1.292139625549316406e+01 1.840646564960479736e-01 9.742279052734375000e-01 1.303845047950744629e-01 7.452256202697753906e+00 1.808143109083175659e-01 -1.639480292797088623e-01 9.697558283805847168e-01 1.333540191650390625e+02
9.639225602149963379e-01 -1.559430509805679321e-01 -2.157191485166549683e-01 -1.321633338928222656e+01 1.872374862432479858e-01 9.732572436332702637e-01 1.330877989530563354e-01 7.616843700408935547e+00 1.891961395740509033e-01 -1.686771064996719360e-01 9.673427939414978027e-01 1.347652893066406250e+02
9.630615115165710449e-01 -1.572200357913970947e-01 -2.186184227466583252e-01 -1.352244091033935547e+01 1.889316141605377197e-01 9.730037450790405273e-01 1.325457692146301270e-01 7.788074970245361328e+00 1.918777376413345337e-01 -1.689537316560745239e-01 9.667661190032958984e-01 1.361606140136718750e+02
9.622711539268493652e-01 -1.601337790489196777e-01 -2.199794948101043701e-01 -1.382366371154785156e+01 1.921961456537246704e-01 9.723097681999206543e-01 1.329444348812103271e-01 7.954272270202636719e+00 1.925993412733078003e-01 -1.702079027891159058e-01 9.664025902748107910e-01 1.375575103759765625e+02
9.605361819267272949e-01 -1.631705015897750854e-01 -2.252670228481292725e-01 -1.415528488159179688e+01 1.960550248622894287e-01 9.716442823410034180e-01 1.321726888418197632e-01 8.130464553833007812e+00 1.973127424716949463e-01 -1.711214631795883179e-01 9.652897119522094727e-01 1.390549774169921875e+02
9.584947228431701660e-01 -1.638524234294891357e-01 -2.333232611417770386e-01 -1.447166728973388672e+01 1.979085206985473633e-01 9.714540243148803711e-01 1.308016777038574219e-01 8.290224075317382812e+00 2.052306532859802246e-01 -1.715494543313980103e-01 9.635612368583679199e-01 1.404082946777343750e+02
9.575451016426086426e-01 -1.645954251289367676e-01 -2.366751581430435181e-01 -1.478676605224609375e+01 1.995232552289962769e-01 9.709643721580505371e-01 1.319788992404937744e-01 8.456900596618652344e+00 2.080800235271453857e-01 -1.735980361700057983e-01 9.625827074050903320e-01 1.417743988037109375e+02
9.560752511024475098e-01 -1.677424013614654541e-01 -2.403788268566131592e-01 -1.511607551574707031e+01 2.034093737602233887e-01 9.701495170593261719e-01 1.320389658212661743e-01 8.628602027893066406e+00 2.110548615455627441e-01 -1.751345843076705933e-01 9.616563320159912109e-01 1.431681976318359375e+02
9.555032253265380859e-01 -1.681032925844192505e-01 -2.423929125070571899e-01 -1.546141147613525391e+01 2.039837390184402466e-01 9.701298475265502930e-01 1.312951296567916870e-01 8.807529449462890625e+00 2.130814641714096069e-01 -1.748972088098526001e-01 9.612525701522827148e-01 1.445782318115234375e+02
9.551165103912353516e-01 -1.691683828830718994e-01 -2.431747764348983765e-01 -1.580927181243896484e+01 2.051430046558380127e-01 9.699259996414184570e-01 1.309945285320281982e-01 8.977100372314453125e+00 2.137014269828796387e-01 -1.750007122755050659e-01 9.610961079597473145e-01 1.459934082031250000e+02
9.540005326271057129e-01 -1.722353547811508179e-01 -2.453921288251876831e-01 -1.614574813842773438e+01 2.085220217704772949e-01 9.692940115928649902e-01 1.303355991840362549e-01 9.138123512268066406e+00 2.154087573289871216e-01 -1.755099743604660034e-01 9.606219530105590820e-01 1.473863220214843750e+02
9.539063572883605957e-01 -1.713082939386367798e-01 -2.464051842689514160e-01 -1.650888633728027344e+01 2.081937789916992188e-01 9.691087007522583008e-01 1.322249472141265869e-01 9.306418418884277344e+00 2.161422222852706909e-01 -1.774303019046783447e-01 9.601042866706848145e-01 1.488333129882812500e+02
9.534041881561279297e-01 -1.702600717544555664e-01 -2.490609735250473022e-01 -1.687062072753906250e+01 2.078910022974014282e-01 9.690156579017639160e-01 1.333785504102706909e-01 9.486922264099121094e+00 2.186349779367446899e-01 -1.789412498474121094e-01 9.592590928077697754e-01 1.502879486083984375e+02
9.524726271629333496e-01 -1.744882762432098389e-01 -2.496981173753738403e-01 -1.722711181640625000e+01 2.123218923807144165e-01 9.680469632148742676e-01 1.334325373172760010e-01 9.654054641723632812e+00 2.184371501207351685e-01 -1.801072657108306885e-01 9.590858817100524902e-01 1.516909332275390625e+02
9.510765671730041504e-01 -1.767306476831436157e-01 -2.534147500991821289e-01 -1.758005905151367188e+01 2.153483182191848755e-01 9.673580527305603027e-01 1.335788071155548096e-01 9.828173637390136719e+00 2.215353846549987793e-01 -1.816161721944808960e-01 9.580901861190795898e-01 1.531399230957031250e+02
9.499593973159790039e-01 -1.774253696203231812e-01 -2.570928335189819336e-01 -1.797052764892578125e+01 2.172997891902923584e-01 9.666053652763366699e-01 1.358481645584106445e-01 1.002858543395996094e+01 2.244044691324234009e-01 -1.849165260791778564e-01 9.567902684211730957e-01 1.546618652343750000e+02
9.491115212440490723e-01 -1.787834316492080688e-01 -2.592741847038269043e-01 -1.834700393676757812e+01 2.194284200668334961e-01 9.659353494644165039e-01 1.371857970952987671e-01 1.021499156951904297e+01 2.259156256914138794e-01 -1.870968192815780640e-01 9.560105204582214355e-01 1.560574645996093750e+02
9.512744545936584473e-01 -1.794685721397399902e-01 -2.507334947586059570e-01 -1.870781707763671875e+01 2.192131280899047852e-01 9.654912948608398438e-01 1.406131982803344727e-01 1.038394641876220703e+01 2.168454080820083618e-01 -1.887258887290954590e-01 9.577890038490295410e-01 1.574446258544921875e+02
9.505159854888916016e-01 -1.799988150596618652e-01 -2.532176375389099121e-01 -1.909692955017089844e+01 2.202026993036270142e-01 9.652957916259765625e-01 1.404088735580444336e-01 1.059245395660400391e+01 2.191565632820129395e-01 -1.892201602458953857e-01 9.571652412414550781e-01 1.589940795898437500e+02
9.466248154640197754e-01 -1.832953840494155884e-01 -2.651482820510864258e-01 -1.950044250488281250e+01 2.249064743518829346e-01 9.648479223251342773e-01 1.359609067440032959e-01 1.079928588867187500e+01 2.309068292379379272e-01 -1.883376091718673706e-01 9.545733332633972168e-01 1.605304107666015625e+02
9.459156394004821777e-01 -1.840885579586029053e-01 -2.671223878860473633e-01 -1.988780784606933594e+01 2.260272651910781860e-01 9.646354913711547852e-01 1.356093585491180420e-01 1.097822570800781250e+01 2.327116578817367554e-01 -1.886520385742187500e-01 9.540728330612182617e-01 1.619455718994140625e+02
9.442516565322875977e-01 -1.877433508634567261e-01 -2.704454064369201660e-01 -2.028319358825683594e+01 2.305732518434524536e-01 9.634766578674316406e-01 1.361928731203079224e-01 1.115750980377197266e+01 2.349985986948013306e-01 -1.909578889608383179e-01 9.530529975891113281e-01 1.633464202880859375e+02
9.432561397552490234e-01 -1.888367235660552979e-01 -2.731447219848632812e-01 -2.068707275390625000e+01 2.323724627494812012e-01 9.629706144332885742e-01 1.367130428552627563e-01 1.135181999206542969e+01 2.372139543294906616e-01 -1.924268007278442383e-01 9.522083401679992676e-01 1.647762603759765625e+02
9.418781995773315430e-01 -1.932659149169921875e-01 -2.747966349124908447e-01 -2.106493568420410156e+01 2.372281104326248169e-01 9.617909789085388184e-01 1.366773694753646851e-01 1.152443313598632812e+01 2.378819286823272705e-01 -1.939230114221572876e-01 9.517379999160766602e-01 1.661167602539062500e+02
9.395501613616943359e-01 -1.963120400905609131e-01 -2.805468440055847168e-01 -2.151033401489257812e+01 2.420279383659362793e-01 9.603237509727478027e-01 1.385657042264938354e-01 1.173211860656738281e+01 2.422137558460235596e-01 -1.980896890163421631e-01 9.497852921485900879e-01 1.676309356689453125e+02
9.388186335563659668e-01 -1.969003230333328247e-01 -2.825762331485748291e-01 -2.192601013183593750e+01 2.425535172224044800e-01 9.604747891426086426e-01 1.365856528282165527e-01 1.191864871978759766e+01 2.445136606693267822e-01 -1.967690885066986084e-01 9.494704604148864746e-01 1.690554962158203125e+02
9.373751878738403320e-01 -1.984641253948211670e-01 -2.862504124641418457e-01 -2.235813903808593750e+01 2.448958009481430054e-01 9.599024653434753418e-01 1.364292502403259277e-01 1.210481834411621094e+01 2.476962357759475708e-01 -1.979869902133941650e-01 9.483917355537414551e-01 1.705321044921875000e+02
9.354323744773864746e-01 -2.007300257682800293e-01 -2.909867167472839355e-01 -2.278211784362792969e+01 2.481678873300552368e-01 9.590982794761657715e-01 1.361723244190216064e-01 1.228369426727294922e+01 2.517510354518890381e-01 -1.995936334133148193e-01 9.469863176345825195e-01 1.719651489257812500e+02
9.351645112037658691e-01 -2.011180371046066284e-01 -2.915793061256408691e-01 -2.320001983642578125e+01 2.492486536502838135e-01 9.585196971893310547e-01 1.382566690444946289e-01 1.246295452117919922e+01 2.516786456108093262e-01 -2.019685357809066772e-01 9.465019106864929199e-01 1.733731384277343750e+02
9.347182512283325195e-01 -2.001069635152816772e-01 -2.936981022357940674e-01 -2.361410140991210938e+01 2.492830008268356323e-01 9.581815600395202637e-01 1.405199617147445679e-01 1.264212417602539062e+01 2.532971501350402832e-01 -2.045605778694152832e-01 9.455130100250244141e-01 1.747547607421875000e+02
9.337580204010009766e-01 -1.990667432546615601e-01 -2.974354326725006104e-01 -2.406441497802734375e+01 2.486175000667572021e-01 9.585844874382019043e-01 1.389417350292205811e-01 1.283697223663330078e+01 2.574583590030670166e-01 -2.036857008934020996e-01 9.445775151252746582e-01 1.762188415527343750e+02
9.330673217773437500e-01 -1.988333910703659058e-01 -2.997499704360961914e-01 -2.451984977722167969e+01 2.487937808036804199e-01 9.585900306701660156e-01 1.385873109102249146e-01 1.303797245025634766e+01 2.597815990447998047e-01 -2.038872987031936646e-01 9.438976645469665527e-01 1.777070465087890625e+02
9.311612844467163086e-01 -1.990808397531509399e-01 -3.054585456848144531e-01 -2.496747398376464844e+01 2.504895329475402832e-01 9.580621719360351562e-01 1.391817629337310791e-01 1.323225498199462891e+01 2.649398744106292725e-01 -2.061149030923843384e-01 9.419781565666198730e-01 1.791617279052734375e+02
9.289216399192810059e-01 -2.051860988140106201e-01 -3.082251548767089844e-01 -2.540763473510742188e+01 2.567480802536010742e-01 9.567361474037170410e-01 1.368797719478607178e-01 1.341478633880615234e+01 2.668043375015258789e-01 -2.062868624925613403e-01 9.414141178131103516e-01 1.805410614013671875e+02
9.279057979583740234e-01 -2.100617587566375732e-01 -3.080005049705505371e-01 -2.585256195068359375e+01 2.616903483867645264e-01 9.554102420806884766e-01 1.367814242839813232e-01 1.360131359100341797e+01 2.655343413352966309e-01 -2.075211256742477417e-01 9.415019154548645020e-01 1.819705963134765625e+02
9.266859889030456543e-01 -2.098364382982254028e-01 -3.118031919002532959e-01 -2.631280517578125000e+01 2.623974978923797607e-01 9.551796913146972656e-01 1.370366960763931274e-01 1.377535343170166016e+01 2.690728008747100830e-01 -2.088064402341842651e-01 9.402122497558593750e-01 1.833872528076171875e+02
9.217407107353210449e-01 -2.103475332260131836e-01 -3.258028030395507812e-01 -2.678584098815917969e+01 2.665636539459228516e-01 9.538404345512390137e-01 1.383183151483535767e-01 1.396536159515380859e+01 2.816690206527709961e-01 -2.143408805131912231e-01 9.352646470069885254e-01 1.847929840087890625e+02
9.213460087776184082e-01 -2.103154808282852173e-01 -3.269380033016204834e-01 -2.727241706848144531e+01 2.669413089752197266e-01 9.536668658256530762e-01 1.387855708599090576e-01 1.415724277496337891e+01 2.826012372970581055e-01 -2.151428461074829102e-01 9.347991943359375000e-01 1.861878356933593750e+02
9.213624000549316406e-01 -2.103363871574401855e-01 -3.268782496452331543e-01 -2.773876762390136719e+01 2.677921354770660400e-01 9.530174732208251953e-01 1.415794044733047485e-01 1.434211540222167969e+01 2.817414402961730957e-01 -2.179814279079437256e-01 9.344009757041931152e-01 1.875433044433593750e+02
9.206482768058776855e-01 -2.104016095399856567e-01 -3.288424611091613770e-01 -2.821335983276367188e+01 2.683620154857635498e-01 9.528437852859497070e-01 1.416697204113006592e-01 1.453015422821044922e+01 2.835280001163482666e-01 -2.186768800020217896e-01 9.336977601051330566e-01 1.889223327636718750e+02
9.202767014503479004e-01 -2.099578231573104858e-01 -3.301635682582855225e-01 -2.868546104431152344e+01 2.686784863471984863e-01 9.525314569473266602e-01 1.431623846292495728e-01 1.472370243072509766e+01 2.844331562519073486e-01 -2.204569280147552490e-01 9.330036044120788574e-01 1.902924041748046875e+02
9.186610579490661621e-01 -2.124971598386764526e-01 -3.330261707305908203e-01 -2.917816734313964844e+01 2.717573642730712891e-01 9.517814517021179199e-01 1.423368901014328003e-01 1.492536544799804688e+01 2.867219746112823486e-01 -2.212617397308349609e-01 9.321120977401733398e-01 1.917163085937500000e+02
9.167834520339965820e-01 -2.139408886432647705e-01 -3.372491002082824707e-01 -2.968379402160644531e+01 2.733736932277679443e-01 9.517565965652465820e-01 1.393767595291137695e-01 1.511791229248046875e+01 2.911607325077056885e-01 -2.199734449386596680e-01 9.310404658317565918e-01 1.931563262939453125e+02
9.155824780464172363e-01 -2.156101018190383911e-01 -3.394415378570556641e-01 -3.014145469665527344e+01 2.753841578960418701e-01 9.512986540794372559e-01 1.385427415370941162e-01 1.529394721984863281e+01 2.930391430854797363e-01 -2.203242331743240356e-01 9.303679466247558594e-01 1.944392700195312500e+02
9.160700440406799316e-01 -2.157411128282546997e-01 -3.380398750305175781e-01 -3.065680694580078125e+01 2.753431797027587891e-01 9.512325525283813477e-01 1.390769034624099731e-01 1.548776340484619141e+01 2.915500104427337646e-01 -2.204812765121459961e-01 9.307984709739685059e-01 1.958647613525390625e+02
9.135138392448425293e-01 -2.192179411649703979e-01 -3.426886200904846191e-01 -3.120588111877441406e+01 2.809578478336334229e-01 9.491928815841674805e-01 1.417573094367980957e-01 1.569046497344970703e+01 2.942019701004028320e-01 -2.257784307003021240e-01 9.286918044090270996e-01 1.974295806884765625e+02
9.108163714408874512e-01 -2.239572554826736450e-01 -3.467798531055450439e-01 -3.173716163635253906e+01 2.854532897472381592e-01 9.485260844230651855e-01 1.371650695800781250e-01 1.587800884246826172e+01 2.982107102870941162e-01 -2.239217311143875122e-01 9.278623461723327637e-01 1.988593444824218750e+02
9.067108035087585449e-01 -2.241958677768707275e-01 -3.572272360324859619e-01 -3.233370590209960938e+01 2.880477607250213623e-01 9.478759169578552246e-01 1.362327188253402710e-01 1.609737014770507812e+01 3.080643117427825928e-01 -2.264222800731658936e-01 9.240283370018005371e-01 2.004720764160156250e+02
9.065856933593750000e-01 -2.241943776607513428e-01 -3.575454354286193848e-01 -3.285767745971679688e+01 2.883100211620330811e-01 9.477174878120422363e-01 1.367789357900619507e-01 1.627669334411621094e+01 3.081870079040527344e-01 -2.270858585834503174e-01 9.238244891166687012e-01 2.018522644042968750e+02
9.048797488212585449e-01 -2.245626151561737061e-01 -3.616127669811248779e-01 -3.338681030273437500e+01 2.892057895660400391e-01 9.476734399795532227e-01 1.351841092109680176e-01 1.645784568786621094e+01 3.123335242271423340e-01 -2.269059568643569946e-01 9.224751591682434082e-01 2.032477416992187500e+02
9.066692590713500977e-01 -2.241268008947372437e-01 -3.573760092258453369e-01 -3.389988708496093750e+01 2.881543040275573730e-01 9.477828741073608398e-01 1.366541683673858643e-01 1.663164329528808594e+01 3.080870211124420166e-01 -2.268796563148498535e-01 9.239084720611572266e-01 2.046115112304687500e+02
9.050465226173400879e-01 -2.277529537677764893e-01 -3.591922223567962646e-01 -3.443640899658203125e+01 2.918195426464080811e-01 9.469153881072998047e-01 1.348783820867538452e-01 1.682044792175292969e+01 3.094057440757751465e-01 -2.268906086683273315e-01 9.234649538993835449e-01 2.060235748291015625e+02
9.030572772026062012e-01 -2.290984392166137695e-01 -3.633196353912353516e-01 -3.499539947509765625e+01 2.949041426181793213e-01 9.457014799118041992e-01 1.366740614175796509e-01 1.701870536804199219e+01 3.122801780700683594e-01 -2.305690646171569824e-01 9.215843677520751953e-01 2.074748382568359375e+02
9.026520848274230957e-01 -2.310763746500015259e-01 -3.630737960338592529e-01 -3.551837921142578125e+01 2.975561022758483887e-01 9.445920586585998535e-01 1.385848373174667358e-01 1.719801139831542969e+01 3.109330534934997559e-01 -2.331288158893585205e-01 9.213958978652954102e-01 2.088332672119140625e+02
8.992465734481811523e-01 -2.354336977005004883e-01 -3.686818182468414307e-01 -3.608932113647460938e+01 3.031194806098937988e-01 9.430344104766845703e-01 1.371287405490875244e-01 1.739421653747558594e+01 3.153949975967407227e-01 -2.350672930479049683e-01 9.193846583366394043e-01 2.102821960449218750e+02
8.979970216751098633e-01 -2.363395392894744873e-01 -3.711396753787994385e-01 -3.664952468872070312e+01 3.054603338241577148e-01 9.419690370559692383e-01 1.392406672239303589e-01 1.757501411437988281e+01 3.166940510272979736e-01 -2.384062558412551880e-01 9.180774092674255371e-01 2.116865234375000000e+02
8.950205445289611816e-01 -2.381140589714050293e-01 -3.771466016769409180e-01 -3.720342254638671875e+01 3.083849549293518066e-01 9.412617683410644531e-01 1.375672817230224609e-01 1.776683235168457031e+01 3.222369849681854248e-01 -2.394319921731948853e-01 9.158790111541748047e-01 2.130720672607421875e+02
8.927230834960937500e-01 -2.394354939460754395e-01 -3.817273080348968506e-01 -3.777384567260742188e+01 3.112260699272155762e-01 9.402509927749633789e-01 1.380803883075714111e-01 1.795828056335449219e+01 3.258581459522247314e-01 -2.420711368322372437e-01 9.139019846916198730e-01 2.144686584472656250e+02
8.929616808891296387e-01 -2.397618442773818970e-01 -3.809635937213897705e-01 -3.835268020629882812e+01 3.115025460720062256e-01 9.400991201400756836e-01 1.384902894496917725e-01 1.815001678466796875e+01 3.249388933181762695e-01 -2.423377633094787598e-01 9.141586422920227051e-01 2.158677978515625000e+02
8.903402686119079590e-01 -2.420402020215988159e-01 -3.856296539306640625e-01 -3.891342163085937500e+01 3.152413368225097656e-01 9.388411045074462891e-01 1.385646760463714600e-01 1.833097457885742188e+01 3.285067677497863770e-01 -2.449362426996231079e-01 9.121888279914855957e-01 2.172308959960937500e+02
8.887034058570861816e-01 -2.413918226957321167e-01 -3.897893726825714111e-01 -3.952996826171875000e+01 3.170114755630493164e-01 9.377232789993286133e-01 1.420519948005676270e-01 1.853270912170410156e+01 3.312243819236755371e-01 -2.498099207878112793e-01 9.098815321922302246e-01 2.186925659179687500e+02
8.853204846382141113e-01 -2.460588514804840088e-01 -3.945404589176177979e-01 -4.016084671020507812e+01 3.245097100734710693e-01 9.346609711647033691e-01 1.452662050724029541e-01 1.874825286865234375e+01 3.330175280570983887e-01 -2.566394805908203125e-01 9.073227047920227051e-01 2.201823730468750000e+02
8.854667544364929199e-01 -2.469968497753143311e-01 -3.936250209808349609e-01 -4.074771499633789062e+01 3.259915709495544434e-01 9.338170289993286133e-01 1.473603546619415283e-01 1.894993972778320312e+01 3.311762511730194092e-01 -2.588012814521789551e-01 9.073826074600219727e-01 2.215711822509765625e+02
8.857554197311401367e-01 -2.447292655706405640e-01 -3.943911492824554443e-01 -4.133565139770507812e+01 3.246156573295593262e-01 9.339553117752075195e-01 1.495057642459869385e-01 1.915019607543945312e+01 3.317553400993347168e-01 -2.604512274265289307e-01 9.066987037658691406e-01 2.229757843017578125e+02
8.837032318115234375e-01 -2.466306388378143311e-01 -3.977956473827362061e-01 -4.196009826660156250e+01 3.280586004257202148e-01 9.325770139694213867e-01 1.505904644727706909e-01 1.936740493774414062e+01 3.338349461555480957e-01 -2.635776698589324951e-01 9.050304293632507324e-01 2.244059143066406250e+02
8.830942511558532715e-01 -2.464100867509841919e-01 -3.992819786071777344e-01 -4.260969161987304688e+01 3.273034095764160156e-01 9.332647919654846191e-01 1.479500234127044678e-01 1.959205245971679688e+01 3.361794948577880859e-01 -2.613402903079986572e-01 9.048113822937011719e-01 2.259181213378906250e+02
8.827283382415771484e-01 -2.436357736587524414e-01 -4.017857313156127930e-01 -4.322469711303710938e+01 3.257723450660705566e-01 9.335294365882873535e-01 1.496497988700866699e-01 1.981428718566894531e+01 3.386187851428985596e-01 -2.629909217357635498e-01 9.034224748611450195e-01 2.273408660888671875e+02
8.798791766166687012e-01 -2.469193488359451294e-01 -4.060085415840148926e-01 -4.382884979248046875e+01 3.293178975582122803e-01 9.328030943870544434e-01 1.463827043771743774e-01 2.001283645629882812e+01 3.425813615322113037e-01 -2.625050544738769531e-01 9.020689129829406738e-01 2.287170715332031250e+02
8.798517584800720215e-01 -2.489429265260696411e-01 -4.048306345939636230e-01 -4.448644638061523438e+01 3.313485682010650635e-01 9.319796562194824219e-01 1.470433920621871948e-01 2.023199844360351562e+01 3.406885564327239990e-01 -2.635165154933929443e-01 9.024907350540161133e-01 2.301938476562500000e+02
8.738942146301269531e-01 -2.530362010002136230e-01 -4.150675833225250244e-01 -4.514344787597656250e+01 3.375998437404632568e-01 9.302590489387512207e-01 1.436805129051208496e-01 2.044934844970703125e+01 3.497641086578369141e-01 -2.656884193420410156e-01 8.983729481697082520e-01 2.316896820068359375e+02
8.745715618133544922e-01 -2.535915374755859375e-01 -4.132982194423675537e-01 -4.582178497314453125e+01 3.387131094932556152e-01 9.294189810752868652e-01 1.464700996875762939e-01 2.066342163085937500e+01 3.469837307929992676e-01 -2.680881917476654053e-01 8.987380862236022949e-01 2.332054748535156250e+02
8.728808164596557617e-01 -2.539628744125366211e-01 -4.166309237480163574e-01 -4.643366241455078125e+01 3.412970900535583496e-01 9.280115365982055664e-01 1.493671089410781860e-01 2.087045669555664062e+01 3.487047255039215088e-01 -2.725747227668762207e-01 8.967202305793762207e-01 2.345766906738281250e+02
8.716109395027160645e-01 -2.546623945236206055e-01 -4.188566803932189941e-01 -4.706023025512695312e+01 3.434248566627502441e-01 9.269518256187438965e-01 1.510608047246932983e-01 2.107903480529785156e+01 3.497905433177947998e-01 -2.755121290683746338e-01 8.953986763954162598e-01 2.359688262939453125e+02
8.706680536270141602e-01 -2.546536326408386230e-01 -4.208183288574218750e-01 -4.773868942260742188e+01 3.449987471103668213e-01 9.259736537933349609e-01 1.534547358751296997e-01 2.131418800354003906e+01 3.505889773368835449e-01 -2.787900269031524658e-01 8.940708637237548828e-01 2.374513549804687500e+02
8.675550222396850586e-01 -2.555906772613525391e-01 -4.266392588615417480e-01 -4.841957092285156250e+01 3.485178351402282715e-01 9.244137406349182129e-01 1.549003571271896362e-01 2.154636573791503906e+01 3.548002541065216064e-01 -2.830760776996612549e-01 8.910577893257141113e-01 2.389242248535156250e+02
8.669624328613281250e-01 -2.556198239326477051e-01 -4.278247058391571045e-01 -4.905118179321289062e+01 3.502815067768096924e-01 9.231813549995422363e-01 1.582358330488204956e-01 2.177226829528808594e+01 3.545117378234863281e-01 -2.870437204837799072e-01 8.899026513099670410e-01 2.403047180175781250e+02
8.683620095252990723e-01 -2.555296123027801514e-01 -4.250311255455017090e-01 -4.969218826293945312e+01 3.498540520668029785e-01 9.230708479881286621e-01 1.598183065652847290e-01 2.200562477111816406e+01 3.514956831932067871e-01 -2.874791026115417480e-01 8.909578919410705566e-01 2.417038574218750000e+02
8.672797083854675293e-01 -2.565724253654479980e-01 -4.266097545623779297e-01 -5.038694000244140625e+01 3.509440422058105469e-01 9.229013919830322266e-01 1.584007889032363892e-01 2.224581336975097656e+01 3.530776202678680420e-01 -2.870940566062927246e-01 8.904563784599304199e-01 2.431878662109375000e+02
8.654206991195678711e-01 -2.562223672866821289e-01 -4.305769503116607666e-01 -5.104040527343750000e+01 3.531624674797058105e-01 9.215250015258789062e-01 1.614542901515960693e-01 2.246589851379394531e+01 3.554193973541259766e-01 -2.917896211147308350e-01 8.879951238632202148e-01 2.445831146240234375e+02
8.628358244895935059e-01 -2.580627799034118652e-01 -4.346462488174438477e-01 -5.172422409057617188e+01 3.572732508182525635e-01 9.196259379386901855e-01 1.632284671068191528e-01 2.271787643432617188e+01 3.575889468193054199e-01 -2.961269915103912354e-01 8.856853246688842773e-01 2.460156097412109375e+02
8.631379604339599609e-01 -2.558971047401428223e-01 -4.353261291980743408e-01 -5.237992858886718750e+01 3.556215465068817139e-01 9.200836420059204102e-01 1.642525941133499146e-01 2.295632171630859375e+01 3.585048615932464600e-01 -2.965841591358184814e-01 8.851619362831115723e-01 2.473888702392578125e+02
8.645395040512084961e-01 -2.556175887584686279e-01 -4.327013194561004639e-01 -5.304039001464843750e+01 3.555896580219268799e-01 9.195572137832641602e-01 1.672425121068954468e-01 2.319323158264160156e+01 3.551436662673950195e-01 -2.984520196914672852e-01 8.858888149261474609e-01 2.487785339355468750e+02
8.603718876838684082e-01 -2.563439607620239258e-01 -4.405081570148468018e-01 -5.369372558593750000e+01 3.600832819938659668e-01 9.174062609672546387e-01 1.694263368844985962e-01 2.342558860778808594e+01 3.606936931610107422e-01 -3.043894171714782715e-01 8.816159963607788086e-01 2.501197357177734375e+02
8.605440855026245117e-01 -2.565358877182006836e-01 -4.400598406791687012e-01 -5.441284942626953125e+01 3.610289990901947021e-01 9.166215062141418457e-01 1.716466248035430908e-01 2.368280029296875000e+01 3.593349456787109375e-01 -3.065840005874633789e-01 8.814104199409484863e-01 2.515701599121093750e+02
8.603040575981140137e-01 -2.584637403488159180e-01 -4.394006431102752686e-01 -5.514102554321289062e+01 3.635409772396087646e-01 9.153015613555908203e-01 1.733798831701278687e-01 2.396290588378906250e+01 3.573718070983886719e-01 -3.088997006416320801e-01 8.813999891281127930e-01 2.530698242187500000e+02
8.602608442306518555e-01 -2.604378163814544678e-01 -4.383184015750885010e-01 -5.580800628662109375e+01 3.655440807342529297e-01 9.143587350845336914e-01 1.741413474082946777e-01 2.421581268310546875e+01 3.554273843765258789e-01 -3.100317716598510742e-01 8.817886710166931152e-01 2.544348907470703125e+02
8.601397275924682617e-01 -2.619093358516693115e-01 -4.376788139343261719e-01 -5.652323913574218750e+01 3.679092526435852051e-01 9.129114151000976562e-01 1.767347157001495361e-01 2.448432922363281250e+01 3.532736301422119141e-01 -3.130427300930023193e-01 8.815903663635253906e-01 2.559109191894531250e+02
8.585548400878906250e-01 -2.600164413452148438e-01 -4.418989419937133789e-01 -5.721566390991210938e+01 3.691992163658142090e-01 9.115668535232543945e-01 1.809352934360504150e-01 2.475072860717773438e+01 3.557743728160858154e-01 -3.184916675090789795e-01 8.786280155181884766e-01 2.573273315429687500e+02
8.572505116462707520e-01 -2.614896297454833984e-01 -4.435587525367736816e-01 -5.788515090942382812e+01 3.713857531547546387e-01 9.106873869895935059e-01 1.808892786502838135e-01 2.501509284973144531e+01 3.566427826881408691e-01 -3.197988569736480713e-01 8.778007626533508301e-01 2.586867675781250000e+02
8.563811779022216797e-01 -2.629976868629455566e-01 -4.443457722663879395e-01 -5.854081726074218750e+01 3.728406131267547607e-01 9.103131294250488281e-01 1.797771155834197998e-01 2.526700210571289062e+01 3.572129011154174805e-01 -3.196279108524322510e-01 8.776311874389648438e-01 2.600252990722656250e+02
8.566436767578125000e-01 -2.656000256538391113e-01 -4.422871470451354980e-01 -5.918976593017578125e+01 3.753295540809631348e-01 9.090335369110107422e-01 1.810680925846099854e-01 2.550506973266601562e+01 3.539622724056243896e-01 -3.211143016815185547e-01 8.784052729606628418e-01 2.613397827148437500e+02
8.578841090202331543e-01 -2.669201493263244629e-01 -4.390764534473419189e-01 -5.988845062255859375e+01 3.755971491336822510e-01 9.088683128356933594e-01 1.813426315784454346e-01 2.577846717834472656e+01 3.506587743759155273e-01 -3.204868137836456299e-01 8.799580335617065430e-01 2.627824707031250000e+02
8.575532436370849609e-01 -2.691640257835388184e-01 -4.383523464202880859e-01 -6.054127120971679688e+01 3.777192533016204834e-01 9.079757928848266602e-01 1.814059466123580933e-01 2.604097557067871094e+01 3.491854667663574219e-01 -3.211393952369689941e-01 8.803060054779052734e-01 2.641396179199218750e+02
8.563127517700195312e-01 -2.703102529048919678e-01 -4.400686621665954590e-01 -6.123500061035156250e+01 3.802029490470886230e-01 9.066331386566162109e-01 1.829264611005783081e-01 2.631765174865722656e+01 3.495340645313262939e-01 -3.239577114582061768e-01 8.791342377662658691e-01 2.655852661132812500e+02
8.548213839530944824e-01 -2.707692682743072510e-01 -4.426782429218292236e-01 -6.189813995361328125e+01 3.809213042259216309e-01 9.067268371582031250e-01 1.809569597244262695e-01 2.659092140197753906e+01 3.523907661437988281e-01 -3.233115077018737793e-01 8.782312273979187012e-01 2.669361267089843750e+02
8.541159033775329590e-01 -2.712213397026062012e-01 -4.437618851661682129e-01 -6.255361557006835938e+01 3.820059597492218018e-01 9.061803817749023438e-01 1.814073920249938965e-01 2.683933830261230469e+01 3.529268503189086914e-01 -3.244626522064208984e-01 8.775911927223205566e-01 2.682599792480468750e+02
8.519799113273620605e-01 -2.743074893951416016e-01 -4.459654390811920166e-01 -6.323017883300781250e+01 3.868179023265838623e-01 9.038025140762329102e-01 1.830660104751586914e-01 2.710154533386230469e+01 3.528483808040618896e-01 -3.284760415554046631e-01 8.761284947395324707e-01 2.696407470703125000e+02
8.512859344482421875e-01 -2.729114294052124023e-01 -4.481418728828430176e-01 -6.396414566040039062e+01 3.867300450801849365e-01 9.035761952400207520e-01 1.843643635511398315e-01 2.738516616821289062e+01 3.546152412891387939e-01 -3.302567899227142334e-01 8.747446537017822266e-01 2.711175231933593750e+02
8.468428254127502441e-01 -2.789261937141418457e-01 -4.528321921825408936e-01 -6.470311737060546875e+01 3.958601951599121094e-01 8.991864919662475586e-01 1.864366680383682251e-01 2.767652702331542969e+01 3.551785647869110107e-01 -3.371408581733703613e-01 8.718852996826171875e-01 2.725881347656250000e+02
8.474442362785339355e-01 -2.790667712688446045e-01 -4.516187906265258789e-01 -6.543921661376953125e+01 3.962678909301757812e-01 8.986182212829589844e-01 1.883011162281036377e-01 2.796953773498535156e+01 3.532843291759490967e-01 -3.385367989540100098e-01 8.721139430999755859e-01 2.740640869140625000e+02
8.487393856048583984e-01 -2.779636681079864502e-01 -4.498635530471801758e-01 -6.618653869628906250e+01 3.963075280189514160e-01 8.975829482078552246e-01 1.930945217609405518e-01 2.828159141540527344e+01 3.501166701316833496e-01 -3.421713113784790039e-01 8.719729185104370117e-01 2.755752563476562500e+02
8.500801324844360352e-01 -2.754246890544891357e-01 -4.488926231861114502e-01 -6.690000152587890625e+01 3.945769071578979492e-01 8.976110816001892090e-01 1.964781284332275391e-01 2.857603263854980469e+01 3.488161861896514893e-01 -3.441448509693145752e-01 8.717173933982849121e-01 2.769945373535156250e+02
8.470088243484497070e-01 -2.772322595119476318e-01 -4.535612463951110840e-01 -6.760996246337890625e+01 3.994206488132476807e-01 8.949339985847473145e-01 1.988885104656219482e-01 2.887723350524902344e+01 3.507691621780395508e-01 -3.496221005916595459e-01 8.687491416931152344e-01 2.784253540039062500e+02
8.457922935485839844e-01 -2.768066227436065674e-01 -4.560843408107757568e-01 -6.837897491455078125e+01 4.005607962608337402e-01 8.941421508789062500e-01 2.001531273126602173e-01 2.920282554626464844e+01 3.524006009101867676e-01 -3.519775867462158203e-01 8.671362400054931641e-01 2.799347229003906250e+02
8.449569344520568848e-01 -2.767200767993927002e-01 -4.576824903488159180e-01 -6.912682342529296875e+01 4.018463492393493652e-01 8.931845426559448242e-01 2.018444687128067017e-01 2.951958084106445312e+01 3.529405891895294189e-01 -3.544679880142211914e-01 8.659012913703918457e-01 2.813771972656250000e+02
8.422903418540954590e-01 -2.776652276515960693e-01 -4.620049297809600830e-01 -6.982917022705078125e+01 4.054076075553894043e-01 8.911982774734497070e-01 2.034957110881805420e-01 2.982473182678222656e+01 3.552344441413879395e-01 -3.587028682231903076e-01 8.632151484489440918e-01 2.827540893554687500e+02
8.404055833816528320e-01 -2.789393663406372070e-01 -4.646620750427246094e-01 -7.055593109130859375e+01 4.072781503200531006e-01 8.907026648521423340e-01 2.019245177507400513e-01 3.014267730712890625e+01 3.575511574745178223e-01 -3.589452803134918213e-01 8.621572852134704590e-01 2.841563110351562500e+02
8.427578806877136230e-01 -2.821631729602813721e-01 -4.584131538867950439e-01 -7.128130340576171875e+01 4.103397727012634277e-01 8.879333734512329102e-01 2.078361958265304565e-01 3.045359802246093750e+01 3.483967185020446777e-01 -3.632608354091644287e-01 8.640955090522766113e-01 2.855494384765625000e+02
8.431152105331420898e-01 -2.810100913047790527e-01 -4.584644138813018799e-01 -7.206376647949218750e+01 4.101816117763519287e-01 8.874022960662841797e-01 2.104006260633468628e-01 3.079128456115722656e+01 3.477178215980529785e-01 -3.654457330703735352e-01 8.634474277496337891e-01 2.870802917480468750e+02
8.422759175300598145e-01 -2.801454961299896240e-01 -4.605315923690795898e-01 -7.283274078369140625e+01 4.104106724262237549e-01 8.871694803237915039e-01 2.109351754188537598e-01 3.113492393493652344e+01 3.494772017002105713e-01 -3.666727840900421143e-01 8.622160553932189941e-01 2.885330200195312500e+02
8.428908586502075195e-01 -2.779202759265899658e-01 -4.607546627521514893e-01 -7.358190155029296875e+01 4.087299704551696777e-01 8.876143097877502441e-01 2.123224586248397827e-01 3.145544433593750000e+01 3.499639034271240234e-01 -3.672889769077301025e-01 8.617562651634216309e-01 2.899246215820312500e+02
8.451933860778808594e-01 -2.812075614929199219e-01 -4.544996321201324463e-01 -7.434487152099609375e+01 4.120215475559234619e-01 8.844746351242065430e-01 2.189589887857437134e-01 3.179520416259765625e+01 3.404206633567810059e-01 -3.723263740539550781e-01 8.634156584739685059e-01 2.914134216308593750e+02
8.438270688056945801e-01 -2.822593748569488525e-01 -4.563825428485870361e-01 -7.506849670410156250e+01 4.140713512897491455e-01 8.834562301635742188e-01 2.192036062479019165e-01 3.213902664184570312e+01 3.413219153881072998e-01 -3.739449083805084229e-01 8.623597025871276855e-01 2.928077087402343750e+02
8.426614999771118164e-01 -2.828438580036163330e-01 -4.581707715988159180e-01 -7.583956146240234375e+01 4.150042235851287842e-01 8.833250999450683594e-01 2.179643511772155762e-01 3.248980712890625000e+01 3.430640399456024170e-01 -3.738130331039428711e-01 8.617253899574279785e-01 2.942968139648437500e+02
8.404806256294250488e-01 -2.827065885066986084e-01 -4.622431993484497070e-01 -7.655906677246093750e+01 4.167636036872863770e-01 8.824701905250549316e-01 2.180702686309814453e-01 3.281977462768554688e+01 3.462661504745483398e-01 -3.759300410747528076e-01 8.595209121704101562e-01 2.956754150390625000e+02
8.413813710212707520e-01 -2.834661304950714111e-01 -4.601345062255859375e-01 -7.723829650878906250e+01 4.177841544151306152e-01 8.812455534934997559e-01 2.210493087768554688e-01 3.313667678833007812e+01 3.428317010402679443e-01 -3.782237172126770020e-01 8.598912954330444336e-01 2.969984130859375000e+02
8.410170078277587891e-01 -2.813613116741180420e-01 -4.620883464813232422e-01 -7.794589233398437500e+01 4.177640676498413086e-01 8.804461956024169922e-01 2.242494374513626099e-01 3.347639083862304688e+01 3.437490463256835938e-01 -3.816415369510650635e-01 8.580129146575927734e-01 2.983515930175781250e+02
8.392313122749328613e-01 -2.834786772727966309e-01 -4.640367329120635986e-01 -7.862956237792968750e+01 4.212653040885925293e-01 8.785381913185119629e-01 2.251806110143661499e-01 3.380572891235351562e+01 3.438403010368347168e-01 -3.844612240791320801e-01 8.567165732383728027e-01 2.996422119140625000e+02
8.342511653900146484e-01 -2.871923744678497314e-01 -4.706858098506927490e-01 -7.936328887939453125e+01 4.272983372211456299e-01 8.762547373771667480e-01 2.226970046758651733e-01 3.415627288818359375e+01 3.484839797019958496e-01 -3.869085311889648438e-01 8.537333011627197266e-01 3.010180969238281250e+02
8.328190445899963379e-01 -2.876540422439575195e-01 -4.729347229003906250e-01 -8.009355926513671875e+01 4.282320439815521240e-01 8.761842250823974609e-01 2.211758792400360107e-01 3.449207687377929688e+01 3.507559895515441895e-01 -3.867253065109252930e-01 8.528854846954345703e-01 3.023734436035156250e+02
8.295292258262634277e-01 -2.870067656040191650e-01 -4.790699779987335205e-01 -8.087761688232421875e+01 4.306389093399047852e-01 8.749186992645263672e-01 2.215122580528259277e-01 3.485213088989257812e+01 3.555719554424285889e-01 -3.900570869445800781e-01 8.493667840957641602e-01 3.038031311035156250e+02
8.309240341186523438e-01 -2.814899086952209473e-01 -4.799253046512603760e-01 -8.166622161865234375e+01 4.260947406291961670e-01 8.766209483146667480e-01 2.235604673624038696e-01 3.519842147827148438e+01 3.577827811241149902e-01 -3.902554512023925781e-01 8.483467102050781250e-01 3.052225341796875000e+02
8.293703794479370117e-01 -2.809515595436096191e-01 -4.829188287258148193e-01 -8.247724914550781250e+01 4.269514679908752441e-01 8.762236237525939941e-01 2.234835773706436157e-01 3.556093215942382812e+01 3.603570461273193359e-01 -3.915336430072784424e-01 8.466665148735046387e-01 3.066696777343750000e+02
8.302625417709350586e-01 -2.804865241050720215e-01 -4.816545844078063965e-01 -8.327667236328125000e+01 4.264845848083496094e-01 8.760641813278198242e-01 2.249950915575027466e-01 3.592561721801757812e+01 3.588524758815765381e-01 -3.922232687473297119e-01 8.469862937927246094e-01 3.081146545410156250e+02
8.296760916709899902e-01 -2.812978029251098633e-01 -4.821917116641998291e-01 -8.409939575195312500e+01 4.274929463863372803e-01 8.756394982337951660e-01 2.247346043586730957e-01 3.629605102539062500e+01 3.590089678764343262e-01 -3.925904929637908936e-01 8.467497825622558594e-01 3.096274414062500000e+02
8.292623162269592285e-01 -2.803835272789001465e-01 -4.834343194961547852e-01 -8.483154296875000000e+01 4.290491044521331787e-01 8.737093806266784668e-01 2.292359620332717896e-01 3.663526535034179688e+01 3.581072986125946045e-01 -3.975138366222381592e-01 8.448324203491210938e-01 3.109724121093750000e+02
8.267179727554321289e-01 -2.804327011108398438e-01 -4.877443611621856689e-01 -8.560021972656250000e+01 4.319382905960083008e-01 8.718604445457458496e-01 2.308442294597625732e-01 3.698928451538085938e+01 3.605089187622070312e-01 -4.015185534954071045e-01 8.419121503829956055e-01 3.123482971191406250e+02
8.282757997512817383e-01 -2.787938117980957031e-01 -4.860378801822662354e-01 -8.633560180664062500e+01 4.309493601322174072e-01 8.713509440422058105e-01 2.345860153436660767e-01 3.732029724121093750e+01 3.581085801124572754e-01 -4.037596583366394043e-01 8.418647050857543945e-01 3.136547851562500000e+02
8.276896476745605469e-01 -2.777869105339050293e-01 -4.876104295253753662e-01 -8.718061065673828125e+01 4.317497909069061279e-01 8.702790141105651855e-01 2.370801419019699097e-01 3.769952011108398438e+01 3.584994971752166748e-01 -4.067545533180236816e-01 8.402550816535949707e-01 3.151307678222656250e+02
8.266832232475280762e-01 -2.776223719120025635e-01 -4.894081056118011475e-01 -8.802463531494140625e+01 4.327968060970306396e-01 8.695657849311828613e-01 2.377871870994567871e-01 3.809911346435546875e+01 3.595576286315917969e-01 -4.083890020847320557e-01 8.390092253684997559e-01 3.166219787597656250e+02
8.251853585243225098e-01 -2.813910543918609619e-01 -4.897834658622741699e-01 -8.878541564941406250e+01 4.366806447505950928e-01 8.677960634231567383e-01 2.371505647897720337e-01 3.844210433959960938e+01 3.583002984523773193e-01 -4.095722138881683350e-01 8.389703631401062012e-01 3.179219665527343750e+02
8.250368237495422363e-01 -2.808263003826141357e-01 -4.903575181961059570e-01 -8.956546783447265625e+01 4.368017315864562988e-01 8.674660921096801758e-01 2.381328791379928589e-01 3.880336761474609375e+01 3.584947288036346436e-01 -4.106574654579162598e-01 8.383565545082092285e-01 3.192588806152343750e+02
8.255192637443542480e-01 -2.812747359275817871e-01 -4.892874360084533691e-01 -9.033776092529296875e+01 4.384359121322631836e-01 8.655237555503845215e-01 2.421630471944808960e-01 3.916647338867187500e+01 3.553757369518280029e-01 -4.144314825534820557e-01 8.378271460533142090e-01 3.206229858398437500e+02
8.209834098815917969e-01 -2.795327901840209961e-01 -4.978426992893218994e-01 -9.114530944824218750e+01 4.404979646205902100e-01 8.648533225059509277e-01 2.408123016357421875e-01 3.954745864868164062e+01 3.632462024688720703e-01 -4.170016646385192871e-01 8.331635594367980957e-01 3.220150451660156250e+02
8.215269446372985840e-01 -2.787593603134155273e-01 -4.973795115947723389e-01 -9.197340393066406250e+01 4.420286417007446289e-01 8.623887896537780762e-01 2.467722892761230469e-01 3.993358230590820312e+01 3.601446449756622314e-01 -4.225861430168151855e-01 8.316949605941772461e-01 3.234386291503906250e+02
8.154132366180419922e-01 -2.796745598316192627e-01 -5.068363547325134277e-01 -9.279379272460937500e+01 4.474889039993286133e-01 8.599599599838256836e-01 2.454035133123397827e-01 4.032686614990234375e+01 3.672260344028472900e-01 -4.269089996814727783e-01 8.263737559318542480e-01 3.248433532714843750e+02
8.145594000816345215e-01 -2.795987129211425781e-01 -5.082492232322692871e-01 -9.360617828369140625e+01 4.482559859752655029e-01 8.595116734504699707e-01 2.455739676952362061e-01 4.069116973876953125e+01 3.681841790676116943e-01 -4.278604388236999512e-01 8.254548311233520508e-01 3.261846313476562500e+02
8.146289587020874023e-01 -2.822539806365966797e-01 -5.066677331924438477e-01 -9.442256927490234375e+01 4.507468342781066895e-01 8.578478693962097168e-01 2.468291819095611572e-01 4.107322692871093750e+01 3.649755120277404785e-01 -4.294531047344207764e-01 8.260524868965148926e-01 3.275429382324218750e+02
8.132873773574829102e-01 -2.820278108119964600e-01 -5.089439153671264648e-01 -9.519011688232421875e+01 4.517914056777954102e-01 8.572766184806823730e-01 2.469039708375930786e-01 4.142962646484375000e+01 3.666721284389495850e-01 -4.307402968406677246e-01 8.246296644210815430e-01 3.288359985351562500e+02
8.139429092407226562e-01 -2.880576848983764648e-01 -5.044994950294494629e-01 -9.604460906982421875e+01 4.565419256687164307e-01 8.541931509971618652e-01 2.488446384668350220e-01 4.183731079101562500e+01 3.592585921287536621e-01 -4.328704178333282471e-01 8.267745375633239746e-01 3.302668457031250000e+02
8.120195269584655762e-01 -2.857134640216827393e-01 -5.089127421379089355e-01 -9.687104034423828125e+01 4.573416411876678467e-01 8.532163500785827637e-01 2.507203221321105957e-01 4.222594451904296875e+01 3.625786900520324707e-01 -4.363367259502410889e-01 8.234965801239013672e-01 3.316538696289062500e+02
8.112043738365173340e-01 -2.842502593994140625e-01 -5.110276341438293457e-01 -9.771289062500000000e+01 4.579966366291046143e-01 8.521893024444580078e-01 2.530072927474975586e-01 4.263004302978515625e+01 3.635750412940979004e-01 -4.392895400524139404e-01 8.214849829673767090e-01 3.330385437011718750e+02
8.089357614517211914e-01 -2.814810872077941895e-01 -5.161310434341430664e-01 -9.847451019287109375e+01 4.580532312393188477e-01 8.521012067794799805e-01 2.532014548778533936e-01 4.300724411010742188e+01 3.685246109962463379e-01 -4.412392079830169678e-01 8.182281255722045898e-01 3.342850952148437500e+02
8.070204257965087891e-01 -2.802246212959289551e-01 -5.198001265525817871e-01 -9.933042907714843750e+01 4.587811827659606934e-01 8.517357110977172852e-01 2.531132400035858154e-01 4.341171646118164062e+01 3.718039095401763916e-01 -4.427420794963836670e-01 8.159295916557312012e-01 3.356484069824218750e+02
8.044180274009704590e-01 -2.823553979396820068e-01 -5.226728916168212891e-01 -1.001892089843750000e+02 4.623987376689910889e-01 8.499622344970703125e-01 2.524912357330322266e-01 4.381680679321289062e+01 3.729600906372070312e-01 -4.447917640209197998e-01 8.142854571342468262e-01 3.370295410156250000e+02
8.021103143692016602e-01 -2.827289402484893799e-01 -5.260069966316223145e-01 -1.010438461303710938e+02 4.647893607616424561e-01 8.486167788505554199e-01 2.526272237300872803e-01 4.420849609375000000e+01 3.749534785747528076e-01 -4.471173286437988281e-01 8.120933771133422852e-01 3.383955993652343750e+02
7.935605049133300781e-01 -2.817060649394989014e-01 -5.393545627593994141e-01 -1.018762283325195312e+02 4.723688066005706787e-01 8.439467549324035645e-01 2.542079091072082520e-01 4.460195159912109375e+01 3.835747539997100830e-01 -4.565035700798034668e-01 8.027917146682739258e-01 3.396954345703125000e+02
7.929672598838806152e-01 -2.814421951770782471e-01 -5.403638482093811035e-01 -1.027110366821289062e+02 4.725359380245208740e-01 8.439557552337646484e-01 2.538672089576721191e-01 4.498302078247070312e+01 3.845943510532379150e-01 -4.566496610641479492e-01 8.022205829620361328e-01 3.409527893066406250e+02
7.948262095451354980e-01 -2.796273827552795410e-01 -5.385718941688537598e-01 -1.035507812500000000e+02 4.717793464660644531e-01 8.429426550865173340e-01 2.585961520671844482e-01 4.537704086303710938e+01 3.816747665405273438e-01 -4.596260190010070801e-01 8.019151687622070312e-01 3.422279663085937500e+02
7.969477772712707520e-01 -2.791213095188140869e-01 -5.356914997100830078e-01 -1.044322586059570312e+02 4.713157117366790771e-01 8.420113921165466309e-01 2.624468803405761719e-01 4.578951263427734375e+01 3.778039813041687012e-01 -4.616362154483795166e-01 8.025931715965270996e-01 3.435853881835937500e+02
7.972350120544433594e-01 -2.801476120948791504e-01 -5.347275733947753906e-01 -1.053018798828125000e+02 4.727381169795989990e-01 8.405956029891967773e-01 2.644195854663848877e-01 4.621481704711914062e+01 3.754132390022277832e-01 -4.635905623435974121e-01 8.025885224342346191e-01 3.449290161132812500e+02
7.967666387557983398e-01 -2.785583436489105225e-01 -5.362537503242492676e-01 -1.062092971801757812e+02 4.730304181575775146e-01 8.397332429885864258e-01 2.666277289390563965e-01 4.664665603637695312e+01 3.760387897491455078e-01 -4.661043584346771240e-01 8.008378148078918457e-01 3.463229675292968750e+02
7.995415925979614258e-01 -2.781801819801330566e-01 -5.323052406311035156e-01 -1.070640106201171875e+02 4.721639454364776611e-01 8.388815522193908691e-01 2.708116471767425537e-01 4.706880569458007812e+01 3.712067008018493652e-01 -4.678604900836944580e-01 8.020672202110290527e-01 3.476622619628906250e+02
7.970762252807617188e-01 -2.807844579219818115e-01 -5.346301198005676270e-01 -1.079591674804687500e+02 4.762889742851257324e-01 8.365716338157653809e-01 2.707334458827972412e-01 4.751246643066406250e+01 3.712387979030609131e-01 -4.704336225986480713e-01 8.005458116531372070e-01 3.490451965332031250e+02
7.952440381050109863e-01 -2.832108139991760254e-01 -5.360767245292663574e-01 -1.088866271972656250e+02 4.807728826999664307e-01 8.332684040069580078e-01 2.729854285717010498e-01 4.796040725708007812e+01 3.693835139274597168e-01 -4.748212099075317383e-01 7.988117933273315430e-01 3.504682922363281250e+02
7.945994138717651367e-01 -2.844206094741821289e-01 -5.363919734954833984e-01 -1.097863769531250000e+02 4.836910963058471680e-01 8.305357694625854492e-01 2.761396765708923340e-01 4.841368865966796875e+01 3.669530451297760010e-01 -4.788685142993927002e-01 7.975149750709533691e-01 3.518496093750000000e+02
7.917143702507019043e-01 -2.860592007637023926e-01 -5.397760272026062012e-01 -1.106602783203125000e+02 4.880540966987609863e-01 8.276072144508361816e-01 2.772533297538757324e-01 4.883850479125976562e+01 3.674117624759674072e-01 -4.829454123973846436e-01 7.948409318923950195e-01 3.531553344726562500e+02
7.921831011772155762e-01 -2.865495979785919189e-01 -5.388273596763610840e-01 -1.115344161987304688e+02 4.884111285209655762e-01 8.270710706710815430e-01 2.782227694988250732e-01 4.927994537353515625e+01 3.659240305423736572e-01 -4.835726916790008545e-01 7.951458096504211426e-01 3.544903564453125000e+02
7.935737371444702148e-01 -2.866272330284118652e-01 -5.367357134819030762e-01 -1.123843917846679688e+02 4.883239865303039551e-01 8.262670040130615234e-01 2.807533442974090576e-01 4.971496963500976562e+01 3.630155920982360840e-01 -4.848994612693786621e-01 7.956708073616027832e-01 3.557831115722656250e+02
7.872527837753295898e-01 -2.931535840034484863e-01 -5.424884557723999023e-01 -1.132243576049804688e+02 4.960419237613677979e-01 8.236868977546691895e-01 2.747404277324676514e-01 5.014018630981445312e+01 3.662995994091033936e-01 -4.853872358798980713e-01 7.938662767410278320e-01 3.570494995117187500e+02
7.866037487983703613e-01 -2.917033135890960693e-01 -5.442089438438415527e-01 -1.141705780029296875e+02 4.966775774955749512e-01 8.225440382957458496e-01 2.770066857337951660e-01 5.061240768432617188e+01 3.668321371078491211e-01 -4.881909191608428955e-01 7.918987870216369629e-01 3.584519958496093750e+02
7.832531332969665527e-01 -2.979285120964050293e-01 -5.456672906875610352e-01 -1.150582962036132812e+02 5.038009285926818848e-01 8.184399008750915527e-01 2.762983441352844238e-01 5.104920959472656250e+01 3.642788231372833252e-01 -4.913192987442016602e-01 7.911423444747924805e-01 3.597780151367187500e+02
7.835180163383483887e-01 -2.926419377326965332e-01 -5.481421947479248047e-01 -1.159410858154296875e+02 5.025668740272521973e-01 8.172287940979003906e-01 2.820703685283660889e-01 5.148379898071289062e+01 3.654120564460754395e-01 -4.964853525161743164e-01 7.873857021331787109e-01 3.610874633789062500e+02
7.816268801689147949e-01 -2.928072214126586914e-01 -5.507476925849914551e-01 -1.168545532226562500e+02 5.051593780517578125e-01 8.151080012321472168e-01 2.835717201232910156e-01 5.194921112060546875e+01 3.658871650695800781e-01 -4.998626410961151123e-01 7.850247025489807129e-01 3.624393005371093750e+02
7.826451659202575684e-01 -2.933655381202697754e-01 -5.490015745162963867e-01 -1.176307296752929688e+02 5.051384568214416504e-01 8.147038221359252930e-01 2.847678959369659424e-01 5.233924484252929688e+01 3.637327849864959717e-01 -5.001940727233886719e-01 7.858143448829650879e-01 3.635862121582031250e+02
7.819150090217590332e-01 -2.937679588794708252e-01 -5.498260855674743652e-01 -1.184770965576171875e+02 5.068736672401428223e-01 8.130419850349426270e-01 2.864294052124023438e-01 5.277795028686523438e+01 3.628881275653839111e-01 -5.026558637619018555e-01 7.846331000328063965e-01 3.648341369628906250e+02
7.836627364158630371e-01 -2.956860959529876709e-01 -5.462983250617980957e-01 -1.193190002441406250e+02 5.073292255401611328e-01 8.121351003646850586e-01 2.881901860237121582e-01 5.320129776000976562e+01 3.584544658660888672e-01 -5.029970407485961914e-01 7.864503264427185059e-01 3.660669555664062500e+02
7.824057936668395996e-01 -2.947329580783843994e-01 -5.486101508140563965e-01 -1.201796646118164062e+02 5.089905261993408203e-01 8.102282285690307617e-01 2.906180620193481445e-01 5.365211868286132812e+01 3.588449358940124512e-01 -5.066186785697937012e-01 7.839435935020446777e-01 3.673388366699218750e+02
7.800166606903076172e-01 -2.967544198036193848e-01 -5.509175658226013184e-01 -1.210597076416015625e+02 5.128514766693115234e-01 8.076189160346984863e-01 2.910927236080169678e-01 5.410317230224609375e+01 3.585486114025115967e-01 -5.095961689949035645e-01 7.821472287178039551e-01 3.686307678222656250e+02
7.784851789474487305e-01 -2.974562942981719971e-01 -5.527023673057556152e-01 -1.218724517822265625e+02 5.151520967483520508e-01 8.058648705482482910e-01 2.918904721736907959e-01 5.453434753417968750e+01 3.585789799690246582e-01 -5.119583606719970703e-01 7.805891633033752441e-01 3.697993469238281250e+02
7.796360254287719727e-01 -2.904168963432312012e-01 -5.548198223114013672e-01 -1.227145156860351562e+02 5.130808949470520020e-01 8.041937351226806641e-01 3.000339269638061523e-01 5.496118927001953125e+01 3.590479195117950439e-01 -5.185849070549011230e-01 7.759857773780822754e-01 3.710261840820312500e+02
7.787913084030151367e-01 -2.896631062030792236e-01 -5.563979744911193848e-01 -1.235572891235351562e+02 5.134199857711791992e-01 8.039556741714477539e-01 3.000919520854949951e-01 5.540329742431640625e+01 3.603939712047576904e-01 -5.193750858306884766e-01 7.748324871063232422e-01 3.722200012207031250e+02
7.777886986732482910e-01 -2.930285632610321045e-01 -5.560381412506103516e-01 -1.244173812866210938e+02 5.164595842361450195e-01 8.021546602249145508e-01 2.996953427791595459e-01 5.586203002929687500e+01 3.582094907760620117e-01 -5.202711224555969238e-01 7.752442359924316406e-01 3.734547119140625000e+02
7.762427926063537598e-01 -2.920193076133728027e-01 -5.587228536605834961e-01 -1.252258300781250000e+02 5.173054933547973633e-01 8.015907406806945801e-01 2.997452914714813232e-01 5.628710556030273438e+01 3.603358268737792969e-01 -5.217057466506958008e-01 7.732922434806823730e-01 3.746037597656250000e+02
7.753095030784606934e-01 -2.951077222824096680e-01 -5.583959221839904785e-01 -1.261360473632812500e+02 5.202598571777343750e-01 7.996805906295776367e-01 2.997340559959411621e-01 5.676108932495117188e+01 3.580847382545471191e-01 -5.228978991508483887e-01 7.735326886177062988e-01 3.758889160156250000e+02
7.737265825271606445e-01 -2.984943091869354248e-01 -5.587912797927856445e-01 -1.270600204467773438e+02 5.243570804595947266e-01 7.967299818992614746e-01 3.004509806632995605e-01 5.724772262573242188e+01 3.555230796337127686e-01 -5.254732966423034668e-01 7.729688882827758789e-01 3.771999511718750000e+02
7.702181339263916016e-01 -3.022429049015045166e-01 -5.616161227226257324e-01 -1.279249038696289062e+02 5.308987498283386230e-01 7.918100953102111816e-01 3.019653856754302979e-01 5.771028518676757812e+01 3.534266352653503418e-01 -5.307407379150390625e-01 7.703269720077514648e-01 3.784244384765625000e+02
