9.999770522117614746e-01 3.365635406225919724e-03 -5.879743956029415131e-03 -3.329371660947799683e-02 -3.321402240544557571e-03 9.999662637710571289e-01 7.516590878367424011e-03 -2.898634970188140869e-02 5.904843099415302277e-03 -7.496889680624008179e-03 9.999544620513916016e-01 2.732553482055664062e+00
9.999634027481079102e-01 -2.494887216016650200e-03 -8.182123303413391113e-03 -3.746399283409118652e-02 2.544706221669912338e-03 9.999783039093017578e-01 6.083984859287738800e-03 -7.617544382810592651e-02 8.166765794157981873e-03 -6.104583851993083954e-03 9.999480247497558594e-01 5.602852821350097656e+00
9.997742772102355957e-01 -1.189902331680059433e-02 -1.760442927479743958e-02 -7.419693470001220703e-02 1.209320593625307083e-02 9.998667836189270020e-01 1.096517592668533325e-02 -1.137118563055992126e-01 1.747160777449607849e-02 -1.117559522390365601e-02 9.997848868370056152e-01 8.225040435791015625e+00
9.996088147163391113e-01 -1.295084413141012192e-02 -2.478940412402153015e-02 -1.119194626808166504e-01 1.334613375365734100e-02 9.997853636741638184e-01 1.584731787443161011e-02 -1.119857355952262878e-01 2.457884512841701508e-02 -1.617196202278137207e-02 9.995670914649963379e-01 1.096907138824462891e+01
9.994567036628723145e-01 -1.453230902552604675e-02 -2.958199381828308105e-02 -1.944211572408676147e-01 1.509892754256725311e-02 9.997050762176513672e-01 1.902167312800884247e-02 -1.274450272321701050e-01 2.929683588445186615e-02 -1.945799402892589569e-02 9.993813633918762207e-01 1.386800003051757812e+01
9.992116093635559082e-01 -1.696175150573253632e-02 -3.589405864477157593e-02 -2.847687602043151855e-01 1.801517419517040253e-02 9.994103312492370605e-01 2.923095971345901489e-02 -1.183269321918487549e-01 3.537708148360252380e-02 -2.985455468297004700e-02 9.989280700683593750e-01 1.660015296936035156e+01
9.987224340438842773e-01 -2.925065159797668457e-02 -4.120356589555740356e-02 -3.964030444622039795e-01 3.055243939161300659e-02 9.990421533584594727e-01 3.132660686969757080e-02 -1.097594350576400757e-01 4.024777188897132874e-02 -3.254545852541923523e-02 9.986596107482910156e-01 1.934944534301757812e+01
9.985322952270507812e-01 -2.775883488357067108e-02 -4.650330543518066406e-02 -5.156838297843933105e-01 2.955212816596031189e-02 9.988281130790710449e-01 3.832940012216567993e-02 -7.960210740566253662e-02 4.538483172655105591e-02 -3.964741900563240051e-02 9.981825351715087891e-01 2.215314865112304688e+01
9.981452822685241699e-01 -3.822595626115798950e-02 -4.737766832113265991e-02 -6.267661452293395996e-01 3.999594599008560181e-02 9.985148906707763672e-01 3.699141368269920349e-02 -1.133441925048828125e-02 4.589327797293663025e-02 -3.881772607564926147e-02 9.981918931007385254e-01 2.499081993103027344e+01
9.983630180358886719e-01 -3.926935419440269470e-02 -4.158245772123336792e-02 -7.449481487274169922e-01 4.082420468330383301e-02 9.984726309776306152e-01 3.722701594233512878e-02 1.682086288928985596e-02 4.005707055330276489e-02 -3.886364772915840149e-02 9.984413385391235352e-01 2.768382263183593750e+01
9.980761408805847168e-01 -4.988427460193634033e-02 -3.681649640202522278e-02 -8.498635292053222656e-01 5.126513168215751648e-02 9.979782700538635254e-01 3.756653144955635071e-02 7.369999587535858154e-02 3.486809134483337402e-02 -3.938166052103042603e-02 9.986156821250915527e-01 3.046395111083984375e+01
9.980506300926208496e-01 -4.841588065028190613e-02 -3.937862068414688110e-02 -9.795235395431518555e-01 4.986666887998580933e-02 9.980801343917846680e-01 3.673356771469116211e-02 9.863320738077163696e-02 3.752453625202178955e-02 -3.862564638257026672e-02 9.985489249229431152e-01 3.333536529541015625e+01
9.978312849998474121e-01 -4.858586192131042480e-02 -4.440660029649734497e-02 -1.109666705131530762e+00 5.037619546055793762e-02 9.979238510131835938e-01 4.012784734368324280e-02 1.415897607803344727e-01 4.236476495862007141e-02 -4.227786511182785034e-02 9.982072710990905762e-01 3.620027542114257812e+01
9.975225329399108887e-01 -5.059322342276573181e-02 -4.887620359659194946e-02 -1.266295313835144043e+00 5.251802876591682434e-02 9.978607892990112305e-01 3.893335908651351929e-02 2.081986218690872192e-01 4.680188745260238647e-02 -4.140380024909973145e-02 9.980456829071044922e-01 3.926901245117187500e+01
9.967723488807678223e-01 -5.929584428668022156e-02 -5.411700531840324402e-02 -1.430632591247558594e+00 6.135895848274230957e-02 9.974188804626464844e-01 3.729167208075523376e-02 2.671538293361663818e-01 5.176609009504318237e-02 -4.049188643693923950e-02 9.978379607200622559e-01 4.200550842285156250e+01
9.960685372352600098e-01 -6.533126533031463623e-02 -5.982599779963493347e-02 -1.568268179893493652e+00 6.772034615278244019e-02 9.969490170478820801e-01 3.881511464715003967e-02 3.168874979019165039e-01 5.710764229297637939e-02 -4.271396622061729431e-02 9.974538683891296387e-01 4.479036712646484375e+01
9.955642819404602051e-01 -7.462804019451141357e-02 -5.729069560766220093e-02 -1.739142298698425293e+00 7.698077708482742310e-02 9.962291717529296875e-01 4.001830518245697021e-02 3.807589411735534668e-01 5.408818274736404419e-02 -4.425109177827835083e-02 9.975551366806030273e-01 4.758787536621093750e+01
9.951413869857788086e-01 -7.314579933881759644e-02 -6.590241193771362305e-02 -1.894633650779724121e+00 7.564572244882583618e-02 9.964749813079833984e-01 3.626932948827743530e-02 4.661614298820495605e-01 6.301715970039367676e-02 -4.107835888862609863e-02 9.971666932106018066e-01 5.035612487792968750e+01
9.946861267089843750e-01 -7.879596203565597534e-02 -6.626099348068237305e-02 -2.061326265335083008e+00 8.104473352432250977e-02 9.961979985237121582e-01 3.196004033088684082e-02 5.242927074432373047e-01 6.349075585603713989e-02 -3.716032579541206360e-02 9.972903132438659668e-01 5.313246536254882812e+01
9.941418170928955078e-01 -8.418948948383331299e-02 -6.777969002723693848e-02 -2.234629392623901367e+00 8.646522462368011475e-02 9.957609772682189941e-01 3.136754408478736877e-02 5.808495283126831055e-01 6.485156714916229248e-02 -3.704438731074333191e-02 9.972071051597595215e-01 5.589497756958007812e+01
9.941480755805969238e-01 -8.781138062477111816e-02 -6.291766464710235596e-02 -2.400418758392333984e+00 8.995254337787628174e-02 9.954304695129394531e-01 3.204223886132240295e-02 6.150829195976257324e-01 5.981650575995445251e-02 -3.751434758305549622e-02 9.975042343139648438e-01 5.834291076660156250e+01
9.937875270843505859e-01 -8.996240049600601196e-02 -6.552081555128097534e-02 -2.583920478820800781e+00 9.253391623497009277e-02 9.950096607208251953e-01 3.732535615563392639e-02 6.542542576789855957e-01 6.183598935604095459e-02 -4.315638542175292969e-02 9.971529245376586914e-01 6.113493347167968750e+01
9.934511780738830566e-01 -9.458973258733749390e-02 -6.408835202455520630e-02 -2.725459575653076172e+00 9.705965965986251831e-02 9.946060180664062500e-01 3.658265992999076843e-02 7.185488939285278320e-01 6.028234213590621948e-02 -4.256349429488182068e-02 9.972735047340393066e-01 6.368793487548828125e+01
9.933928251266479492e-01 -9.335111081600189209e-02 -6.675382703542709351e-02 -2.894520759582519531e+00 9.614677727222442627e-02 9.945645332336425781e-01 3.996493667364120483e-02 7.837023735046386719e-01 6.266023963689804077e-02 -4.611906036734580994e-02 9.969688057899475098e-01 6.650634765625000000e+01
9.922208786010742188e-01 -9.912608563899993896e-02 -7.530988752841949463e-02 -3.084267616271972656e+00 1.025400981307029724e-01 9.938035011291503906e-01 4.289704933762550354e-02 8.664972782135009766e-01 7.059103250503540039e-02 -5.028564855456352234e-02 9.962370395660400391e-01 6.930433654785156250e+01
9.908613562583923340e-01 -1.035632342100143433e-01 -8.641897141933441162e-02 -3.322472095489501953e+00 1.078455001115798950e-01 9.930825233459472656e-01 4.643775150179862976e-02 9.272133111953735352e-01 8.101195096969604492e-02 -5.533329024910926819e-02 9.951759576797485352e-01 7.227303314208984375e+01
9.895303249359130859e-01 -1.072637662291526794e-01 -9.656015038490295410e-02 -3.525445938110351562e+00 1.126224547624588013e-01 9.922838211059570312e-01 5.185620486736297607e-02 1.013263821601867676e+00 9.025280177593231201e-02 -6.218815594911575317e-02 9.939753413200378418e-01 7.495092773437500000e+01
9.883902072906494141e-01 -1.097817197442054749e-01 -1.050353869795799255e-01 -3.771762371063232422e+00 1.154779121279716492e-01 9.920627474784851074e-01 4.976302385330200195e-02 1.120787739753723145e+00 9.873864054679870605e-02 -6.131457537412643433e-02 9.932225942611694336e-01 7.770308685302734375e+01
9.882887005805969238e-01 -1.127263456583023071e-01 -1.028489321470260620e-01 -4.045054912567138672e+00 1.185337603092193604e-01 9.915769696235656738e-01 5.220007523894309998e-02 1.196509599685668945e+00 9.609832614660263062e-02 -6.377983838319778442e-02 9.933263063430786133e-01 8.025661468505859375e+01
9.862256646156311035e-01 -1.230039596557617188e-01 -1.105831712484359741e-01 -4.328686714172363281e+00 1.294819712638854980e-01 9.901419281959533691e-01 5.341739580035209656e-02 1.303429365158081055e+00 1.029225066304206848e-01 -6.700016558170318604e-02 9.924302697181701660e-01 8.300968933105468750e+01
9.846690297126770020e-01 -1.270294040441513062e-01 -1.195412129163742065e-01 -4.623741626739501953e+00 1.342582255601882935e-01 9.894484877586364746e-01 5.446548759937286377e-02 1.405118346214294434e+00 1.113611683249473572e-01 -6.967990100383758545e-02 9.913341403007507324e-01 8.594057464599609375e+01
9.832439422607421875e-01 -1.286467760801315308e-01 -1.291548013687133789e-01 -4.948923587799072266e+00 1.372628062963485718e-01 9.887065291404724121e-01 6.015203148126602173e-02 1.502033948898315430e+00 1.199578493833541870e-01 -7.687230408191680908e-02 9.897983670234680176e-01 8.871981811523437500e+01
9.821185469627380371e-01 -1.388296186923980713e-01 -1.271581649780273438e-01 -5.309924125671386719e+00 1.481191217899322510e-01 9.867156744003295898e-01 6.672929972410202026e-02 1.623497962951660156e+00 1.162049770355224609e-01 -8.437066525220870972e-02 9.896352887153625488e-01 9.148439788818359375e+01
9.809437990188598633e-01 -1.416500806808471680e-01 -1.329820156097412109e-01 -5.699161529541015625e+00 1.520419120788574219e-01 9.857844710350036621e-01 7.149919122457504272e-02 1.743539094924926758e+00 1.209637671709060669e-01 -9.035556018352508545e-02 9.885360598564147949e-01 9.437665557861328125e+01
9.786593914031982422e-01 -1.480190604925155640e-01 -1.425338983535766602e-01 -6.023426532745361328e+00 1.597035080194473267e-01 9.843647480010986328e-01 7.430224865674972534e-02 1.875004291534423828e+00 1.293072253465652466e-01 -9.547979384660720825e-02 9.869970679283142090e-01 9.688945770263671875e+01
9.771540760993957520e-01 -1.483254730701446533e-01 -1.522143930196762085e-01 -6.430420875549316406e+00 1.615807414054870605e-01 9.837165474891662598e-01 7.869859039783477783e-02 2.050458192825317383e+00 1.380628347396850586e-01 -1.014956012368202209e-01 9.852092862129211426e-01 9.977479553222656250e+01
9.757364392280578613e-01 -1.502210497856140137e-01 -1.592853665351867676e-01 -6.833949565887451172e+00 1.647000908851623535e-01 9.829373359680175781e-01 8.190343528985977173e-02 2.224997758865356445e+00 1.442639529705047607e-01 -1.061505228281021118e-01 9.838292598724365234e-01 1.025047454833984375e+02
9.731668829917907715e-01 -1.549037247896194458e-01 -1.701495796442031860e-01 -7.297504425048828125e+00 1.709062308073043823e-01 9.817225933074951172e-01 8.373697102069854736e-02 2.382902622222900391e+00 1.540685594081878662e-01 -1.105697154998779297e-01 9.818539619445800781e-01 1.054027709960937500e+02
9.726378917694091797e-01 -1.545504927635192871e-01 -1.734631359577178955e-01 -7.807950019836425781e+00 1.719528734683990479e-01 9.809712767601013184e-01 9.015361219644546509e-02 2.576176166534423828e+00 1.562291234731674194e-01 -1.175143569707870483e-01 9.807052612304687500e-01 1.082770233154296875e+02
9.725456237792968750e-01 -1.513761729001998901e-01 -1.767484098672866821e-01 -8.309259414672851562e+00 1.704069375991821289e-01 9.804978966712951660e-01 9.790489822626113892e-02 2.790637493133544922e+00 1.584810465574264526e-01 -1.253361850976943970e-01 9.793746471405029297e-01 1.111128463745117188e+02
9.716725349426269531e-01 -1.579861491918563843e-01 -1.757628023624420166e-01 -8.788585662841796875e+00 1.776897460222244263e-01 9.787245988845825195e-01 1.025891229510307312e-01 3.026364088058471680e+00 1.558157801628112793e-01 -1.309143155813217163e-01 9.790725111961364746e-01 1.138434448242187500e+02
9.664534926414489746e-01 -1.679655015468597412e-01 -1.943062245845794678e-01 -9.258341789245605469e+00 1.906730681657791138e-01 9.760605096817016602e-01 1.046398207545280457e-01 3.236586332321166992e+00 1.720788478851318359e-01 -1.381785124540328979e-01 9.753439426422119141e-01 1.164960021972656250e+02
9.635354876518249512e-01 -1.734166741371154785e-01 -2.037786394357681274e-01 -9.857716560363769531e+00 1.979016065597534180e-01 9.744177460670471191e-01 1.065124124288558960e-01 3.507846117019653320e+00 1.800945699214935303e-01 -1.429566442966461182e-01 9.732058644294738770e-01 1.195802612304687500e+02
9.650329351425170898e-01 -1.644958406686782837e-01 -2.040891051292419434e-01 -1.039745426177978516e+01 1.892553865909576416e-01 9.759389162063598633e-01 1.082849800586700439e-01 3.761566400527954102e+00 1.813661307096481323e-01 -1.431235671043395996e-01 9.729451537132263184e-01 1.222592468261718750e+02
9.622246026992797852e-01 -1.752884387969970703e-01 -2.083210200071334839e-01 -1.096533584594726562e+01 2.007680535316467285e-01 9.736599922180175781e-01 1.080669909715652466e-01 3.990192890167236328e+00 1.838910132646560669e-01 -1.458089500665664673e-01 9.720720648765563965e-01 1.249917144775390625e+02
9.611312747001647949e-01 -1.798839867115020752e-01 -2.094477117061614990e-01 -1.154037570953369141e+01 2.052444964647293091e-01 9.729267954826354980e-01 1.062458381056785583e-01 4.228863716125488281e+00 1.846654415130615234e-01 -1.451042145490646362e-01 9.720307588577270508e-01 1.277208786010742188e+02
9.610132575035095215e-01 -1.713144630193710327e-01 -2.170365154743194580e-01 -1.209500694274902344e+01 1.996985077857971191e-01 9.729344248771667480e-01 1.162714809179306030e-01 4.461024761199951172e+00 1.912433952093124390e-01 -1.550803333520889282e-01 9.692143201828002930e-01 1.303779144287109375e+02
9.593873023986816406e-01 -1.811620146036148071e-01 -2.162322402000427246e-01 -1.267317485809326172e+01 2.086989283561706543e-01 9.715467095375061035e-01 1.119892448186874390e-01 4.735306262969970703e+00 1.897916197776794434e-01 -1.525685191154479980e-01 9.698981046676635742e-01 1.330903015136718750e+02
9.582480192184448242e-01 -1.849291622638702393e-01 -2.180869579315185547e-01 -1.331807327270507812e+01 2.126642018556594849e-01 9.707722067832946777e-01 1.112443432211875916e-01 5.028914451599121094e+00 1.911405026912689209e-01 -1.529790014028549194e-01 9.695685505867004395e-01 1.359536895751953125e+02
9.567927718162536621e-01 -1.879428327083587646e-01 -2.218671441078186035e-01 -1.393198966979980469e+01 2.176869213581085205e-01 9.688527584075927734e-01 1.180540919303894043e-01 5.297359466552734375e+00 1.927692443132400513e-01 -1.612509191036224365e-01 9.679042100906372070e-01 1.387248077392578125e+02
9.539165496826171875e-01 -1.982505917549133301e-01 -2.252552509307861328e-01 -1.452032852172851562e+01 2.288619726896286011e-01 9.661773443222045898e-01 1.188428774476051331e-01 5.565395832061767578e+00 1.940759271383285522e-01 -1.649186015129089355e-01 9.670246839523315430e-01 1.413002929687500000e+02
9.519518017768859863e-01 -2.027296870946884155e-01 -2.295394241809844971e-01 -1.513821697235107422e+01 2.346093803644180298e-01 9.645150899887084961e-01 1.211164146661758423e-01 5.844114780426025391e+00 1.968404054641723633e-01 -1.691491454839706421e-01 9.657343626022338867e-01 1.439173431396484375e+02
9.500169754028320312e-01 -2.063338160514831543e-01 -2.342946976423263550e-01 -1.569169235229492188e+01 2.393259406089782715e-01 9.632259011268615723e-01 1.221437379717826843e-01 6.094856739044189453e+00 2.004763931035995483e-01 -1.721114665269851685e-01 9.644621610641479492e-01 1.462902069091796875e+02
9.510538578033447266e-01 -2.089886963367462158e-01 -2.276404500007629395e-01 -1.627534294128417969e+01 2.413432300090789795e-01 9.623855352401733398e-01 1.247700303792953491e-01 6.376980781555175781e+00 1.930024027824401855e-01 -1.736025363206863403e-01 9.657186865806579590e-01 1.489430389404296875e+02
9.475386738777160645e-01 -2.214386016130447388e-01 -2.305111438035964966e-01 -1.689498329162597656e+01 2.545332908630371094e-01 9.589402079582214355e-01 1.250861734151840210e-01 6.687392711639404297e+00 1.933475285768508911e-01 -1.771967709064483643e-01 9.649966359138488770e-01 1.516360015869140625e+02
9.468832015991210938e-01 -2.216279506683349609e-01 -2.330089807510375977e-01 -1.754739189147949219e+01 2.558928728103637695e-01 9.581191539764404297e-01 1.285558342933654785e-01 7.018862724304199219e+00 1.947588324546813965e-01 -1.813527196645736694e-01 9.639401435852050781e-01 1.544042968750000000e+02
9.460274577140808105e-01 -2.236621677875518799e-01 -2.345359474420547485e-01 -1.819350814819335938e+01 2.583591938018798828e-01 9.573799967765808105e-01 1.291281580924987793e-01 7.354135990142822266e+00 1.956589818000793457e-01 -1.827533096075057983e-01 9.634932279586791992e-01 1.571535949707031250e+02
9.432918429374694824e-01 -2.203813344240188599e-01 -2.482586055994033813e-01 -1.885852622985839844e+01 2.577249407768249512e-01 9.575346708297729492e-01 1.292485594749450684e-01 7.673944473266601562e+00 2.092322856187820435e-01 -1.859015673398971558e-01 9.600327610969543457e-01 1.599305572509765625e+02
9.433192610740661621e-01 -2.146074920892715454e-01 -2.531643807888031006e-01 -1.950729751586914062e+01 2.537474632263183594e-01 9.580318927764892578e-01 1.333680599927902222e-01 7.959345340728759766e+00 2.139178067445755005e-01 -1.900485008955001831e-01 9.581863880157470703e-01 1.625076446533203125e+02
9.398271441459655762e-01 -2.154756635427474976e-01 -2.651320397853851318e-01 -2.015610313415527344e+01 2.582428753376007080e-01 9.561213254928588867e-01 1.383566111326217651e-01 8.259590148925781250e+00 2.236859351396560669e-01 -1.984997838735580444e-01 9.542341828346252441e-01 1.649812011718750000e+02
9.344569444656372070e-01 -2.201081812381744385e-01 -2.798973917961120605e-01 -2.089464569091796875e+01 2.656752467155456543e-01 9.543526768684387207e-01 1.364828795194625854e-01 8.580341339111328125e+00 2.370798736810684204e-01 -2.018992006778717041e-01 9.502790570259094238e-01 1.676286010742187500e+02
9.336811900138854980e-01 -2.199984937906265259e-01 -2.825596928596496582e-01 -2.164657211303710938e+01 2.660874426364898682e-01 9.542689919471740723e-01 1.362652629613876343e-01 8.918436050415039062e+00 2.396598160266876221e-01 -2.024139165878295898e-01 9.495220780372619629e-01 1.702743072509765625e+02
9.326424598693847656e-01 -2.155527323484420776e-01 -2.893352210521697998e-01 -2.243880653381347656e+01 2.628878355026245117e-01 9.552282691001892090e-01 1.357535570859909058e-01 9.224236488342285156e+00 2.471191287040710449e-01 -2.026722729206085205e-01 9.475528597831726074e-01 1.729732360839843750e+02
9.314099550247192383e-01 -2.218241244554519653e-01 -2.885645329952239990e-01 -2.328017044067382812e+01 2.692903578281402588e-01 9.533601999282836914e-01 1.363349407911300659e-01 9.569208145141601562e+00 2.448635548353195190e-01 -2.046913951635360718e-01 9.477043747901916504e-01 1.757777252197265625e+02
9.306221604347229004e-01 -2.199110537767410278e-01 -2.925429940223693848e-01 -2.408838844299316406e+01 2.687442600727081299e-01 9.532231092453002930e-01 1.383560597896575928e-01 9.903398513793945312e+00 2.484326809644699097e-01 -2.073764801025390625e-01 9.461905360221862793e-01 1.784830474853515625e+02
9.270113706588745117e-01 -2.328444570302963257e-01 -2.939952313899993896e-01 -2.479026794433593750e+01 2.811301350593566895e-01 9.502949118614196777e-01 1.338116377592086792e-01 1.023411560058593750e+01 2.482248395681381226e-01 -2.066958546638488770e-01 9.463939666748046875e-01 1.808452758789062500e+02
9.250524044036865234e-01 -2.324148714542388916e-01 -3.004349470138549805e-01 -2.564249801635742188e+01 2.836565971374511719e-01 9.487310051918029785e-01 1.394580751657485962e-01 1.055469608306884766e+01 2.526197731494903564e-01 -2.142264246940612793e-01 9.435521364212036133e-01 1.835783843994140625e+02
9.239661693572998047e-01 -2.359462231397628784e-01 -3.010244369506835938e-01 -2.643922996520996094e+01 2.852119207382202148e-01 9.494349956512451172e-01 1.312538087368011475e-01 1.088059902191162109e+01 2.548342347145080566e-01 -2.071298658847808838e-01 9.445406794548034668e-01 1.861216430664062500e+02
9.220868349075317383e-01 -2.435020804405212402e-01 -3.007698059082031250e-01 -2.724057197570800781e+01 2.945373058319091797e-01 9.457215666770935059e-01 1.373269855976104736e-01 1.119911003112792969e+01 2.510050237178802490e-01 -2.152153551578521729e-01 9.437580108642578125e-01 1.887244720458984375e+02
9.207853674888610840e-01 -2.468774467706680298e-01 -3.020029366016387939e-01 -2.800453186035156250e+01 2.980728447437286377e-01 9.447306394577026367e-01 1.365166902542114258e-01 1.152855491638183594e+01 2.516084611415863037e-01 -2.157214581966400146e-01 9.434817433357238770e-01 1.912037353515625000e+02
9.179682135581970215e-01 -2.465087473392486572e-01 -3.107537329196929932e-01 -2.882633590698242188e+01 2.996423542499542236e-01 9.442984461784362793e-01 1.360702961683273315e-01 1.183628082275390625e+01 2.599016726016998291e-01 -2.180231809616088867e-01 9.407004714012145996e-01 1.937819519042968750e+02
9.174436330795288086e-01 -2.482181638479232788e-01 -3.109419643878936768e-01 -2.963165473937988281e+01 3.004727959632873535e-01 9.445348381996154785e-01 1.325525492429733276e-01 1.215980434417724609e+01 2.607935070991516113e-01 -2.150391042232513428e-01 9.411404132843017578e-01 1.962967987060546875e+02
9.170438051223754883e-01 -2.475484758615493774e-01 -3.126507401466369629e-01 -3.050420188903808594e+01 3.014340400695800781e-01 9.435883164405822754e-01 1.370358467102050781e-01 1.250531196594238281e+01 2.610905170440673828e-01 -2.199114561080932617e-01 9.399314522743225098e-01 1.990372314453125000e+02
9.152778983116149902e-01 -2.580329179763793945e-01 -3.093308508396148682e-01 -3.136550712585449219e+01 3.107665777206420898e-01 9.408988952636718750e-01 1.346612125635147095e-01 1.286949634552001953e+01 2.563019692897796631e-01 -2.193821370601654053e-01 9.413719773292541504e-01 2.017542266845703125e+02
9.135417938232421875e-01 -2.621951103210449219e-01 -3.109585940837860107e-01 -3.214223098754882812e+01 3.169173896312713623e-01 9.380487203598022461e-01 1.401006728410720825e-01 1.322203826904296875e+01 2.549604773521423340e-01 -2.265360355377197266e-01 9.400410056114196777e-01 2.043000335693359375e+02
9.112443923950195312e-01 -2.650615870952606201e-01 -3.152398765087127686e-01 -3.302735519409179688e+01 3.219725191593170166e-01 9.357485175132751465e-01 1.439052075147628784e-01 1.357127094268798828e+01 2.568413615226745605e-01 -2.326314002275466919e-01 9.380382299423217773e-01 2.070359802246093750e+02
9.071775078773498535e-01 -2.716950476169586182e-01 -3.212645947933197021e-01 -3.397740936279296875e+01 3.311712443828582764e-01 9.320657849311828613e-01 1.468988806009292603e-01 1.397827911376953125e+01 2.595278918743133545e-01 -2.396569550037384033e-01 9.355267882347106934e-01 2.099720611572265625e+02
9.012591242790222168e-01 -2.732728123664855957e-01 -3.362351655960083008e-01 -3.486034393310546875e+01 3.398709595203399658e-01 9.272027015686035156e-01 1.574269235134124756e-01 1.434498882293701172e+01 2.687375247478485107e-01 -2.561590373516082764e-01 9.285274744033813477e-01 2.126065521240234375e+02
9.009516239166259766e-01 -2.760268449783325195e-01 -3.348067402839660645e-01 -3.572895050048828125e+01 3.413775563240051270e-01 9.271870851516723633e-01 1.542264372110366821e-01 1.472109031677246094e+01 2.678577303886413574e-01 -2.532460689544677734e-01 9.295801520347595215e-01 2.150448303222656250e+02
8.978617787361145020e-01 -2.807100415229797363e-01 -3.391847610473632812e-01 -3.660691070556640625e+01 3.472675383090972900e-01 9.250933527946472168e-01 1.536483913660049438e-01 1.510307598114013672e+01 2.706467807292938232e-01 -2.557429075241088867e-01 9.280875921249389648e-01 2.175691986083984375e+02
8.960598111152648926e-01 -2.860746681690216064e-01 -3.394675850868225098e-01 -3.759394073486328125e+01 3.532330393791198730e-01 9.226253032684326172e-01 1.548841148614883423e-01 1.551253795623779297e+01 2.688928246498107910e-01 -2.586966454982757568e-01 9.277787804603576660e-01 2.203152160644531250e+02
8.952713608741760254e-01 -2.815514206886291504e-01 -3.452796339988708496e-01 -3.847412109375000000e+01 3.521004915237426758e-01 9.219863414764404297e-01 1.611415594816207886e-01 1.586966991424560547e+01 2.729733288288116455e-01 -2.658386230468750000e-01 9.245626330375671387e-01 2.227967224121093750e+02
8.911673426628112793e-01 -2.879752516746520996e-01 -3.505581617355346680e-01 -3.936186981201171875e+01 3.595605790615081787e-01 9.195309281349182129e-01 1.586797684431076050e-01 1.626912879943847656e+01 2.766531109809875488e-01 -2.674572169780731201e-01 9.230007529258728027e-01 2.252315979003906250e+02
8.883227705955505371e-01 -2.899307012557983398e-01 -3.561220169067382812e-01 -4.034904479980468750e+01 3.627085089683532715e-01 9.186015129089355469e-01 1.568884551525115967e-01 1.667312622070312500e+01 2.816473245620727539e-01 -2.685361802577972412e-01 9.211751818656921387e-01 2.279843750000000000e+02
8.827111721038818359e-01 -2.958340048789978027e-01 -3.651072084903717041e-01 -4.129365539550781250e+01 3.718347251415252686e-01 9.147979021072387695e-01 1.577462404966354370e-01 1.704976081848144531e+01 2.873324751853942871e-01 -2.750039994716644287e-01 9.175039529800415039e-01 2.305417175292968750e+02
8.778303265571594238e-01 -3.010370433330535889e-01 -3.725459873676300049e-01 -4.233682250976562500e+01 3.771999180316925049e-01 9.138445258140563965e-01 1.503611057996749878e-01 1.746503829956054688e+01 2.951847612857818604e-01 -2.725159823894500732e-01 9.157519936561584473e-01 2.331985168457031250e+02
8.744811415672302246e-01 -3.050288558006286621e-01 -3.771472573280334473e-01 -4.334323883056640625e+01 3.828699588775634766e-01 9.114453792572021484e-01 1.505920290946960449e-01 1.781097984313964844e+01 2.978141307830810547e-01 -2.760883569717407227e-01 9.138286113739013672e-01 2.356907348632812500e+02
8.708030581474304199e-01 -3.045177757740020752e-01 -3.859674036502838135e-01 -4.446461105346679688e+01 3.870508670806884766e-01 9.087151288986206055e-01 1.562958806753158569e-01 1.823146438598632812e+01 3.031394779682159424e-01 -2.854920625686645508e-01 9.091762304306030273e-01 2.384772491455078125e+02
8.660619258880615234e-01 -3.101178407669067383e-01 -3.921269178390502930e-01 -4.553846359252929688e+01 3.946762382984161377e-01 9.055632948875427246e-01 1.555178165435791016e-01 1.862595748901367188e+01 3.068667948246002197e-01 -2.894513607025146484e-01 9.066704511642456055e-01 2.410275573730468750e+02
8.647860288619995117e-01 -3.122242689132690430e-01 -3.932696282863616943e-01 -4.655320739746093750e+01 3.998683989048004150e-01 9.019178748130798340e-01 1.632466018199920654e-01 1.900103569030761719e+01 3.037272393703460693e-01 -2.984296083450317383e-01 9.048149585723876953e-01 2.434703216552734375e+02
8.639984726905822754e-01 -3.146803379058837891e-01 -3.930430412292480469e-01 -4.772117233276367188e+01 4.017430841922760010e-01 9.014117121696472168e-01 1.614296585321426392e-01 1.945003890991210938e+01 3.034947812557220459e-01 -2.973774373531341553e-01 9.052392840385437012e-01 2.461732482910156250e+02
8.565069437026977539e-01 -3.243708014488220215e-01 -4.014715254306793213e-01 -4.876461410522460938e+01 4.141339957714080811e-01 8.961349725723266602e-01 1.594846397638320923e-01 1.985532951354980469e+01 3.080404102802276611e-01 -3.028628230094909668e-01 9.018790125846862793e-01 2.486086425781250000e+02
8.542065024375915527e-01 -3.322371840476989746e-01 -3.999370932579040527e-01 -4.979477310180664062e+01 4.223819971084594727e-01 8.919759988784790039e-01 1.611596643924713135e-01 2.023808479309082031e+01 3.031909763813018799e-01 -3.065899908542633057e-01 9.022628664970397949e-01 2.509662322998046875e+02
8.448367118835449219e-01 -3.381673097610473633e-01 -4.146007895469665527e-01 -5.091019058227539062e+01 4.326958656311035156e-01 8.876383304595947266e-01 1.577107161283493042e-01 2.062816619873046875e+01 3.146828413009643555e-01 -3.126360177993774414e-01 8.962331414222717285e-01 2.535427856445312500e+02
8.429665565490722656e-01 -3.400947749614715576e-01 -4.168249070644378662e-01 -5.206450271606445312e+01 4.367663860321044922e-01 8.850148320198059082e-01 1.611957550048828125e-01 2.102419471740722656e+01 3.140743076801300049e-01 -3.179379105567932129e-01 8.945799469947814941e-01 2.560003051757812500e+02
8.364635109901428223e-01 -3.578200936317443848e-01 -4.150826632976531982e-01 -5.320059204101562500e+01 4.517166912555694580e-01 8.790267705917358398e-01 1.525262892246246338e-01 2.140851211547851562e+01 3.102916777133941650e-01 -3.150826096534729004e-01 8.969072103500366211e-01 2.584322814941406250e+02
8.315045237541198730e-01 -3.618974685668945312e-01 -4.214622378349304199e-01 -5.433006286621093750e+01 4.591690301895141602e-01 8.747646212577819824e-01 1.547610759735107422e-01 2.177851676940917969e+01 3.126724660396575928e-01 -3.222071230411529541e-01 8.935429453849792480e-01 2.608969726562500000e+02
8.267086744308471680e-01 -3.693436682224273682e-01 -4.244267046451568604e-01 -5.554899597167968750e+01 4.669661223888397217e-01 8.712143898010253906e-01 1.514216214418411255e-01 2.218142127990722656e+01 3.138398826122283936e-01 -3.233746588230133057e-01 8.927115201950073242e-01 2.635733642578125000e+02
8.222462534904479980e-01 -3.738140165805816650e-01 -4.291552305221557617e-01 -5.669684219360351562e+01 4.736845195293426514e-01 8.674893379211425781e-01 1.519394367933273315e-01 2.253744506835937500e+01 3.154903352260589600e-01 -3.282159864902496338e-01 8.903598189353942871e-01 2.660641784667968750e+02
8.249331712722778320e-01 -3.729700148105621338e-01 -4.247101247310638428e-01 -5.795693206787109375e+01 4.729731380939483643e-01 8.669074177742004395e-01 1.573795080184936523e-01 2.296467399597167969e+01 3.094863891601562500e-01 -3.307042121887207031e-01 8.915455341339111328e-01 2.687468261718750000e+02
8.194533586502075195e-01 -3.779798746109008789e-01 -4.308451116085052490e-01 -5.913290786743164062e+01 4.807024002075195312e-01 8.626232147216796875e-01 1.575018167495727539e-01 2.333306884765625000e+01 3.121243417263031006e-01 -3.361738324165344238e-01 8.885753154754638672e-01 2.712618713378906250e+02
8.159806132316589355e-01 -3.793853223323822021e-01 -4.361679553985595703e-01 -6.028328704833984375e+01 4.867827296257019043e-01 8.579033017158508301e-01 1.644532233476638794e-01 2.371681594848632812e+01 3.117986917495727539e-01 -3.465098142623901367e-01 8.847107887268066406e-01 2.737102050781250000e+02
8.159070611000061035e-01 -3.725405931472778320e-01 -4.421642720699310303e-01 -6.145209884643554688e+01 4.859284758567810059e-01 8.562507033348083496e-01 1.752384901046752930e-01 2.411668395996093750e+01 3.133199214935302734e-01 -3.578386604785919189e-01 8.796492218971252441e-01 2.761683654785156250e+02
8.156442046165466309e-01 -3.748779296875000000e-01 -4.406712055206298828e-01 -6.260093307495117188e+01 4.880931973457336426e-01 8.548150062561035156e-01 1.762289255857467651e-01 2.450993919372558594e+01 3.106279075145721436e-01 -3.588288426399230957e-01 8.802004456520080566e-01 2.784766235351562500e+02
8.102095723152160645e-01 -3.763262331485748291e-01 -4.493762552738189697e-01 -6.381338500976562500e+01 4.944979548454284668e-01 8.504762053489685059e-01 1.793382167816162109e-01 2.495196723937988281e+01 3.146940469741821289e-01 -3.675172924995422363e-01 8.751567602157592773e-01 2.809749450683593750e+02
8.062348961830139160e-01 -3.843366801738739014e-01 -4.497449398040771484e-01 -6.487234497070312500e+01 5.038124322891235352e-01 8.445426225662231445e-01 1.814416199922561646e-01 2.534375000000000000e+01 3.100939989089965820e-01 -3.728718459606170654e-01 8.745335340499877930e-01 2.831271057128906250e+02
8.018452525138854980e-01 -3.861927688121795654e-01 -4.559597373008728027e-01 -6.610298919677734375e+01 5.101978778839111328e-01 8.397016525268554688e-01 1.860099136829376221e-01 2.581442832946777344e+01 3.110343217849731445e-01 -3.817810416221618652e-01 8.703456521034240723e-01 2.855341186523437500e+02
8.001613020896911621e-01 -3.850581943988800049e-01 -4.598608613014221191e-01 -6.738721466064453125e+01 5.129571557044982910e-01 8.366731405258178711e-01 1.919724196195602417e-01 2.630909538269042969e+01 3.108325302600860596e-01 -3.894979953765869141e-01 8.669919967651367188e-01 2.880035095214843750e+02
8.000835180282592773e-01 -3.839792609214782715e-01 -4.608971774578094482e-01 -6.874827575683593750e+01 5.137063264846801758e-01 8.353149294853210449e-01 1.958447545766830444e-01 2.684972763061523438e+01 3.097938299179077148e-01 -3.934581577777862549e-01 8.655744194984436035e-01 2.906178894042968750e+02
7.986973524093627930e-01 -3.819993138313293457e-01 -4.649289250373840332e-01 -6.999604797363281250e+01 5.146638751029968262e-01 8.340039253234863281e-01 1.988942772150039673e-01 2.734942436218261719e+01 3.117749392986297607e-01 -3.981386721134185791e-01 8.627181053161621094e-01 2.930050048828125000e+02
7.945662736892700195e-01 -3.868594169616699219e-01 -4.679787158966064453e-01 -7.122255706787109375e+01 5.226382613182067871e-01 8.280748128890991211e-01 2.028343081474304199e-01 2.782674026489257812e+01 3.090528845787048340e-01 -4.057490825653076172e-01 8.601479530334472656e-01 2.952677612304687500e+02
7.902469635009765625e-01 -3.878635168075561523e-01 -4.744170606136322021e-01 -7.251381683349609375e+01 5.277424454689025879e-01 8.242448568344116211e-01 2.052041143178939819e-01 2.836764144897460938e+01 3.114445209503173828e-01 -4.125321507453918457e-01 8.560490608215332031e-01 2.976930847167968750e+02
7.897930741310119629e-01 -3.888012468814849854e-01 -4.744052588939666748e-01 -7.374855804443359375e+01 5.298393368721008301e-01 8.221180438995361328e-01 2.083089500665664673e-01 2.887942314147949219e+01 3.090262413024902344e-01 -4.158797562122344971e-01 8.553053140640258789e-01 3.000409545898437500e+02
7.863475084304809570e-01 -3.860791325569152832e-01 -4.822866320610046387e-01 -7.499951934814453125e+01 5.318662524223327637e-01 8.202294707298278809e-01 2.105764150619506836e-01 2.940747451782226562e+01 3.142864406108856201e-01 -4.220984578132629395e-01 8.503277897834777832e-01 3.023556823730468750e+02
7.848590016365051270e-01 -3.876344859600067139e-01 -4.834622144699096680e-01 -7.632570648193359375e+01 5.340300202369689941e-01 8.188700675964355469e-01 2.103908956050872803e-01 2.995646667480468750e+01 3.143378198146820068e-01 -4.233107566833496094e-01 8.497059345245361328e-01 3.047026672363281250e+02
7.799416184425354004e-01 -3.981770873069763184e-01 -4.828519225120544434e-01 -7.757783508300781250e+01 5.438641905784606934e-01 8.129629492759704590e-01 2.080953419208526611e-01 3.048101043701171875e+01 3.096817135810852051e-01 -4.249083101749420166e-01 8.506177663803100586e-01 3.069938354492187500e+02
7.755277156829833984e-01 -3.968441784381866455e-01 -4.909901618957519531e-01 -7.882026672363281250e+01 5.464112162590026855e-01 8.114875555038452148e-01 2.071794420480728149e-01 3.097416305541992188e+01 3.162142336368560791e-01 -4.289561510086059570e-01 8.461711406707763672e-01 3.091908569335937500e+02
7.715036869049072266e-01 -4.024038910865783691e-01 -4.928012192249298096e-01 -8.008764648437500000e+01 5.529463887214660645e-01 8.072180747985839844e-01 2.065186053514480591e-01 3.148479652404785156e+01 3.146939277648925781e-01 -4.318227171897888184e-01 8.452793955802917480e-01 3.114371337890625000e+02
7.649843096733093262e-01 -4.144559800624847412e-01 -4.929758012294769287e-01 -8.143517303466796875e+01 5.640203952789306641e-01 8.006459474563598633e-01 2.021080553531646729e-01 3.198730468750000000e+01 3.109339773654937744e-01 -4.326580464839935303e-01 8.462430834770202637e-01 3.137898864746093750e+02
7.673413753509521484e-01 -4.076987206935882568e-01 -4.949433505535125732e-01 -8.267964172363281250e+01 5.604637861251831055e-01 8.014375567436218262e-01 2.087552547454833984e-01 3.245071411132812500e+01 3.115567266941070557e-01 -4.375844895839691162e-01 8.434764742851257324e-01 3.159552001953125000e+02
7.669196724891662598e-01 -4.081112146377563477e-01 -4.952569007873535156e-01 -8.400519561767578125e+01 5.615783929824829102e-01 8.002925515174865723e-01 2.101478725671768188e-01 3.297725296020507812e+01 3.105864822864532471e-01 -4.392922222614288330e-01 8.429464697837829590e-01 3.182991638183593750e+02
7.596395611763000488e-01 -4.175534844398498535e-01 -4.985947310924530029e-01 -8.532857513427734375e+01 5.752903819084167480e-01 7.889831662178039551e-01 2.157479226589202881e-01 3.350577926635742188e+01 3.032962977886199951e-01 -4.507275521755218506e-01 8.395572304725646973e-01 3.205928344726562500e+02
7.557186484336853027e-01 -4.239568412303924561e-01 -4.991489648818969727e-01 -8.665016174316406250e+01 5.822129845619201660e-01 7.839146852493286133e-01 2.156537920236587524e-01 3.401119995117187500e+01 2.998620271682739258e-01 -4.535847306251525879e-01 8.392519950866699219e-01 3.228598022460937500e+02
7.484568357467651367e-01 -4.270857274532318115e-01 -5.073557496070861816e-01 -8.804454803466796875e+01 5.907506942749023438e-01 7.770141363143920898e-01 2.174014598131179810e-01 3.458802032470703125e+01 3.013732731342315674e-01 -4.624364972114562988e-01 8.338626623153686523e-01 3.252857055664062500e+02
7.501091361045837402e-01 -4.313677251338958740e-01 -5.012564063072204590e-01 -8.950866699218750000e+01 5.941113829612731934e-01 7.724819183349609375e-01 2.242857962846755981e-01 3.518605804443359375e+01 2.904615700244903564e-01 -4.660410881042480469e-01 8.357260823249816895e-01 3.277515869140625000e+02
7.398594617843627930e-01 -4.336374104022979736e-01 -5.143601894378662109e-01 -9.097882843017578125e+01 6.022134423255920410e-01 7.677095532417297363e-01 2.190017402172088623e-01 3.579829406738281250e+01 2.999116182327270508e-01 -4.717852771282196045e-01 8.291392922401428223e-01 3.302279968261718750e+02
7.323271632194519043e-01 -4.452488720417022705e-01 -5.152186155319213867e-01 -9.240222167968750000e+01 6.139209866523742676e-01 7.590546011924743652e-01 2.166513949632644653e-01 3.635923767089843750e+01 2.946150302886962891e-01 -4.749633371829986572e-01 8.292237520217895508e-01 3.325557250976562500e+02
7.267857193946838379e-01 -4.516233801841735840e-01 -5.175120830535888672e-01 -9.381177520751953125e+01 6.218198537826538086e-01 7.526573538780212402e-01 2.164435684680938721e-01 3.693056488037109375e+01 2.917580306529998779e-01 -4.791074395179748535e-01 8.278487324714660645e-01 3.348764038085937500e+02
7.265995144844055176e-01 -4.444051086902618408e-01 -5.239819884300231934e-01 -9.528147888183593750e+01 6.175291538238525391e-01 7.567315697669982910e-01 2.145132273435592651e-01 3.750197601318359375e+01 3.011826872825622559e-01 -4.794394671916961670e-01 8.242735862731933594e-01 3.372981262207031250e+02
7.261769175529479980e-01 -4.520029127597808838e-01 -5.180349946022033691e-01 -9.658794403076171875e+01 6.223049163818359375e-01 7.524368166923522949e-01 2.158154696226119995e-01 3.801726531982421875e+01 2.922391295433044434e-01 -4.790960550308227539e-01 8.276855945587158203e-01 3.394254760742187500e+02
7.281188964843750000e-01 -4.538212120532989502e-01 -5.137012600898742676e-01 -9.799407958984375000e+01 6.233663558959960938e-01 7.500738501548767090e-01 2.209173440933227539e-01 3.858366775512695312e+01 2.850566208362579346e-01 -4.810782968997955322e-01 8.290395140647888184e-01 3.417607727050781250e+02
7.268991470336914062e-01 -4.447810649871826172e-01 -5.232468247413635254e-01 -9.940963745117187500e+01 6.211300492286682129e-01 7.508192658424377441e-01 2.246526479721069336e-01 3.916553878784179688e+01 2.929422557353973389e-01 -4.883042871952056885e-01 8.220364451408386230e-01 3.441156311035156250e+02
7.269564867019653320e-01 -4.457821547985076904e-01 -5.223143696784973145e-01 -1.008342437744140625e+02 6.218448281288146973e-01 7.500135898590087891e-01 2.253652960062026978e-01 3.977413940429687500e+01 2.912788093090057373e-01 -4.886294007301330566e-01 8.224342465400695801e-01 3.464595947265625000e+02
7.202249169349670410e-01 -4.540037512779235840e-01 -5.245535969734191895e-01 -1.021333084106445312e+02 6.311150193214416504e-01 7.427348494529724121e-01 2.236957848072052002e-01 4.031653594970703125e+01 2.880452275276184082e-01 -4.921650588512420654e-01 8.214643597602844238e-01 3.486381530761718750e+02
7.203237414360046387e-01 -4.530465602874755859e-01 -5.252450704574584961e-01 -1.035757217407226562e+02 6.317163705825805664e-01 7.412174344062805176e-01 2.270070612430572510e-01 4.090690994262695312e+01 2.864757180213928223e-01 -4.953245520591735840e-01 8.201130628585815430e-01 3.509578552246093750e+02
7.154371142387390137e-01 -4.507804811000823975e-01 -5.338038206100463867e-01 -1.049046401977539062e+02 6.352928876876831055e-01 7.376934885978698730e-01 2.285002470016479492e-01 4.148042297363281250e+01 2.907798290252685547e-01 -5.025994181632995605e-01 8.141505718231201172e-01 3.531249389648437500e+02
7.065682411193847656e-01 -4.584780037403106689e-01 -5.390352606773376465e-01 -1.064444122314453125e+02 6.453031301498413086e-01 7.300720810890197754e-01 2.248993664979934692e-01 4.209017944335937500e+01 2.904228866100311279e-01 -5.067480206489562988e-01 8.117026686668395996e-01 3.554551696777343750e+02
6.990047693252563477e-01 -4.594007432460784912e-01 -5.480356216430664062e-01 -1.078780364990234375e+02 6.509572267532348633e-01 7.260285019874572754e-01 2.216718494892120361e-01 4.266889572143554688e+01 2.960530221462249756e-01 -5.116975903511047363e-01 8.065472245216369629e-01 3.577194519042968750e+02
6.943218708038330078e-01 -4.637721180915832520e-01 -5.503020286560058594e-01 -1.093684158325195312e+02 6.560077667236328125e-01 7.222917675971984863e-01 2.189736068248748779e-01 4.324354934692382812e+01 2.959245443344116211e-01 -5.130407214164733887e-01 8.057407140731811523e-01 3.600092163085937500e+02
6.884007453918457031e-01 -4.728227257728576660e-01 -5.500389337539672852e-01 -1.108460540771484375e+02 6.657721996307373047e-01 7.128375172615051270e-01 2.204792797565460205e-01 4.382232284545898438e+01 2.878405451774597168e-01 -5.179789066314697266e-01 8.055097460746765137e-01 3.622308959960937500e+02
6.933588981628417969e-01 -4.685651957988739014e-01 -5.474485158920288086e-01 -1.124221572875976562e+02 6.626379489898681641e-01 7.131041884422302246e-01 2.288981676101684570e-01 4.445639038085937500e+01 2.831338942050933838e-01 -5.214689373970031738e-01 8.049258589744567871e-01 3.646244201660156250e+02
6.908147335052490234e-01 -4.716828167438507080e-01 -5.479872822761535645e-01 -1.139507598876953125e+02 6.680456995964050293e-01 7.063002586364746094e-01 2.342133224010467529e-01 4.505945205688476562e+01 2.765689790248870850e-01 -5.278787612915039062e-01 8.030279278755187988e-01 3.669265441894531250e+02
6.881087422370910645e-01 -4.735747873783111572e-01 -5.497571825981140137e-01 -1.153051605224609375e+02 6.711880564689636230e-01 7.032998204231262207e-01 2.342581599950790405e-01 4.560589981079101562e+01 2.757051587104797363e-01 -5.301857590675354004e-01 8.018041849136352539e-01 3.689912414550781250e+02
6.864975690841674805e-01 -4.767486453056335449e-01 -5.490278601646423340e-01 -1.168616485595703125e+02 6.746752858161926270e-01 6.992231011390686035e-01 2.364343851804733276e-01 4.627059555053710938e+01 2.711730003356933594e-01 -5.327273607254028320e-01 8.016651868820190430e-01 3.713360290527343750e+02
6.841805577278137207e-01 -4.771713018417358398e-01 -5.515471696853637695e-01 -1.184220199584960938e+02 6.753962039947509766e-01 6.999209523200988770e-01 2.322748005390167236e-01 4.693785858154296875e+01 2.752043604850769043e-01 -5.314309597015380859e-01 8.011516928672790527e-01 3.736842651367187500e+02
6.801168322563171387e-01 -4.814230203628540039e-01 -5.528767704963684082e-01 -1.200924224853515625e+02 6.811547279357910156e-01 6.938165426254272461e-01 2.337687015533447266e-01 4.761666488647460938e+01 2.710531949996948242e-01 -5.355848073959350586e-01 7.997996211051940918e-01 3.762303771972656250e+02
6.811790466308593750e-01 -4.861226081848144531e-01 -5.474300384521484375e-01 -1.216550445556640625e+02 6.827192902565002441e-01 6.917898058891296387e-01 2.352066040039062500e-01 4.825098800659179688e+01 2.643670439720153809e-01 -5.339590311050415039e-01 8.031177520751953125e-01 3.785455017089843750e+02
6.718925237655639648e-01 -4.901228845119476318e-01 -5.552834272384643555e-01 -1.232312240600585938e+02 6.917109489440917969e-01 6.832486987113952637e-01 2.338974922895431519e-01 4.887739562988281250e+01 2.647579014301300049e-01 -5.412498116493225098e-01 7.980928421020507812e-01 3.809392089843750000e+02
6.672082543373107910e-01 -4.914078414440155029e-01 -5.597777366638183594e-01 -1.248548049926757812e+02 6.962063908576965332e-01 6.785956621170043945e-01 2.341058701276779175e-01 4.953236389160156250e+01 2.648209929466247559e-01 -5.459184050559997559e-01 7.948856949806213379e-01 3.833304748535156250e+02
6.637152433395385742e-01 -4.930824637413024902e-01 -5.624511241912841797e-01 -1.264408569335937500e+02 7.013302445411682129e-01 6.716554164886474609e-01 2.387797683477401733e-01 5.015200805664062500e+01 2.600349187850952148e-01 -5.529460310935974121e-01 7.916014790534973145e-01 3.856705932617187500e+02
6.547904014587402344e-01 -4.960027337074279785e-01 -5.702896714210510254e-01 -1.280104675292968750e+02 7.092310786247253418e-01 6.640174984931945801e-01 2.367973625659942627e-01 5.078236389160156250e+01 2.612298727035522461e-01 -5.595201253890991211e-01 7.865726947784423828e-01 3.879395446777343750e+02
6.549679636955261230e-01 -4.959115386009216309e-01 -5.701650381088256836e-01 -1.298413543701171875e+02 7.106788158416748047e-01 6.606791615486145020e-01 2.417427897453308105e-01 5.150514984130859375e+01 2.568128407001495361e-01 -5.635383129119873047e-01 7.851573824882507324e-01 3.905338134765625000e+02
6.537743210792541504e-01 -4.989910721778869629e-01 -5.688466429710388184e-01 -1.314941864013671875e+02 7.126985788345336914e-01 6.586484313011169434e-01 2.413377612829208374e-01 5.217303848266601562e+01 2.542442977428436279e-01 -5.631969571113586426e-01 7.862375378608703613e-01 3.928808288574218750e+02
6.429985761642456055e-01 -5.092754960060119629e-01 -5.720058679580688477e-01 -1.331219329833984375e+02 7.242138385772705078e-01 6.472729444503784180e-01 2.378088682889938354e-01 5.285352706909179688e+01 2.491333633661270142e-01 -5.671656131744384766e-01 7.850198149681091309e-01 3.952282409667968750e+02
6.377357244491577148e-01 -5.115069150924682617e-01 -5.758934617042541504e-01 -1.346956481933593750e+02 7.296966314315795898e-01 6.406215429306030273e-01 2.390565574169158936e-01 5.350772476196289062e+01 2.466503232717514038e-01 -5.726826786994934082e-01 7.817919254302978516e-01 3.974523925781250000e+02
6.363701820373535156e-01 -5.187923312187194824e-01 -5.708651542663574219e-01 -1.362802124023437500e+02 7.351659536361694336e-01 6.319981217384338379e-01 2.451747208833694458e-01 5.417062377929687500e+01 2.335905879735946655e-01 -5.757027268409729004e-01 7.835829854011535645e-01 3.996846618652343750e+02
6.294381022453308105e-01 -5.199598073959350586e-01 -5.774504542350769043e-01 -1.379387512207031250e+02 7.397435903549194336e-01 6.284623146057128906e-01 2.404490411281585693e-01 5.487552261352539062e+01 2.378816902637481689e-01 -5.785132646560668945e-01 7.802148461341857910e-01 4.020621337890625000e+02
6.254696249961853027e-01 -5.188755989074707031e-01 -5.827138423919677734e-01 -1.395815429687500000e+02 7.432994842529296875e-01 6.233511567115783691e-01 2.427765280008316040e-01 5.555032730102539062e+01 2.372642308473587036e-01 -5.849803686141967773e-01 7.755669951438903809e-01 4.043388977050781250e+02
6.170646548271179199e-01 -5.238469243049621582e-01 -5.872096419334411621e-01 -1.412170257568359375e+02 7.502598166465759277e-01 6.167369484901428223e-01 2.382160872220993042e-01 5.622507095336914062e+01 2.373648136854171753e-01 -5.875546932220458984e-01 7.735877037048339844e-01 4.065741882324218750e+02
6.070748567581176758e-01 -5.231500864028930664e-01 -5.981418490409851074e-01 -1.428608398437500000e+02 7.564032077789306641e-01 6.111276745796203613e-01 2.331914156675338745e-01 5.688608551025390625e+01 2.435466647148132324e-01 -5.940011739730834961e-01 7.667124867439270020e-01 4.087852478027343750e+02
5.938022136688232422e-01 -5.248098373413085938e-01 -6.098959445953369141e-01 -1.445056610107421875e+02 7.651725411415100098e-01 6.027300953865051270e-01 2.263371795415878296e-01 5.751925659179687500e+01 2.488184273242950439e-01 -6.010752916336059570e-01 7.594723701477050781e-01 4.109745178222656250e+02
5.887205600738525391e-01 -5.266106128692626953e-01 -6.132608652114868164e-01 -1.462622680664062500e+02 7.692677974700927734e-01 5.980111360549926758e-01 2.249687016010284424e-01 5.814021301269531250e+01 2.482656687498092651e-01 -6.042057275772094727e-01 7.571657896041870117e-01 4.132301330566406250e+02
5.869188308715820312e-01 -5.296338796615600586e-01 -6.123837232589721680e-01 -1.479849853515625000e+02 7.709704637527465820e-01 5.965721011161804199e-01 2.229516804218292236e-01 5.876113891601562500e+01 2.472480684518814087e-01 -6.029844284057617188e-01 7.584711313247680664e-01 4.154221496582031250e+02
5.849056243896484375e-01 -5.325120091438293457e-01 -6.118136644363403320e-01 -1.497500152587890625e+02 7.746627330780029297e-01 5.903052687644958496e-01 2.268004566431045532e-01 5.936966323852539062e+01 2.403826415538787842e-01 -6.066061854362487793e-01 7.577897906303405762e-01 4.176878967285156250e+02
5.807355046272277832e-01 -5.273193717002868652e-01 -6.202258467674255371e-01 -1.513613128662109375e+02 7.751601934432983398e-01 5.909615755081176758e-01 2.233657836914062500e-01 5.994404220581054688e+01 2.487442791461944580e-01 -6.104909181594848633e-01 7.519490122795104980e-01 4.197579650878906250e+02
5.833938717842102051e-01 -5.178609490394592285e-01 -6.256765127182006836e-01 -1.530397186279296875e+02 7.724028229713439941e-01 5.919145941734313965e-01 2.302872240543365479e-01 6.054730606079101562e+01 2.510900497436523438e-01 -6.176225543022155762e-01 7.453162670135498047e-01 4.218662719726562500e+02
5.768616199493408203e-01 -5.103005170822143555e-01 -6.378271579742431641e-01 -1.547435150146484375e+02 7.732542753219604492e-01 5.928142070770263672e-01 2.250563353300094604e-01 6.116328811645507812e+01 2.632663547992706299e-01 -6.230291128158569336e-01 7.365635037422180176e-01 4.239335632324218750e+02
5.765854716300964355e-01 -5.111020803451538086e-01 -6.374348998069763184e-01 -1.565576782226562500e+02 7.747641801834106445e-01 5.897269248962402344e-01 2.279556393623352051e-01 6.180185317993164062e+01 2.594036459922790527e-01 -6.252978444099426270e-01 7.360112667083740234e-01 4.260966491699218750e+02
5.739400386810302734e-01 -5.150365829467773438e-01 -6.366549134254455566e-01 -1.583643951416015625e+02 7.793756127357482910e-01 5.821636915206909180e-01 2.316467016935348511e-01 6.246276855468750000e+01 2.513305842876434326e-01 -6.291448473930358887e-01 7.355337738990783691e-01 4.282340393066406250e+02
5.780375003814697266e-01 -5.043783783912658691e-01 -6.414627432823181152e-01 -1.600870361328125000e+02 7.744085192680358887e-01 5.868678092956542969e-01 2.363869547843933105e-01 6.304641342163085938e+01 2.572251260280609131e-01 -6.333949565887451172e-01 7.298261523246765137e-01 4.303128051757812500e+02
5.799195170402526855e-01 -5.051766037940979004e-01 -6.391316652297973633e-01 -1.619949645996093750e+02 7.748173475265502930e-01 5.843974947929382324e-01 2.411201298236846924e-01 6.373443603515625000e+01 2.516984045505523682e-01 -6.350408196449279785e-01 7.303227186203002930e-01 4.325302734375000000e+02
5.720221400260925293e-01 -5.027461647987365723e-01 -6.481020450592041016e-01 -1.637948913574218750e+02 7.790009975433349609e-01 5.803629159927368164e-01 2.373552322387695312e-01 6.440110015869140625e+01 2.568046748638153076e-01 -6.406448483467102051e-01 7.236198782920837402e-01 4.346727600097656250e+02
5.668326020240783691e-01 -5.084481239318847656e-01 -6.482133269309997559e-01 -1.657094573974609375e+02 7.854653000831604004e-01 5.708669424057006836e-01 2.390739172697067261e-01 6.509754180908203125e+01 2.484866380691528320e-01 -6.446642875671386719e-01 7.229540348052978516e-01 4.368719787597656250e+02
5.653468370437622070e-01 -5.050957202911376953e-01 -6.521199941635131836e-01 -1.675480194091796875e+02 7.854981422424316406e-01 5.709601640701293945e-01 2.387430369853973389e-01 6.575751495361328125e+01 2.517462372779846191e-01 -6.472120285034179688e-01 7.195419669151306152e-01 4.390004577636718750e+02
5.527104139328002930e-01 -5.105129480361938477e-01 -6.587009429931640625e-01 -1.694264373779296875e+02 7.924482822418212891e-01 5.666045546531677246e-01 2.258009016513824463e-01 6.641024780273437500e+01 2.579484283924102783e-01 -6.467893123626708984e-01 7.177230715751647949e-01 4.411769409179687500e+02
5.507537722587585449e-01 -5.139219164848327637e-01 -6.576882004737854004e-01 -1.712338562011718750e+02 7.957239747047424316e-01 5.611696243286132812e-01 2.278442084789276123e-01 6.704325103759765625e+01 2.519802749156951904e-01 -6.488247513771057129e-01 7.180059552192687988e-01 4.432283325195312500e+02
5.444682836532592773e-01 -5.197684764862060547e-01 -6.583268642425537109e-01 -1.731161651611328125e+02 8.017666339874267578e-01 5.530861616134643555e-01 2.264219224452972412e-01 6.766257476806640625e+01 2.464242577552795410e-01 -6.511045694351196289e-01 7.178705334663391113e-01 4.453865356445312500e+02
5.413541197776794434e-01 -5.236370563507080078e-01 -6.578291654586791992e-01 -1.750148315429687500e+02 8.060659170150756836e-01 5.457639098167419434e-01 2.289117127656936646e-01 6.830719757080078125e+01 2.391524910926818848e-01 -6.541764140129089355e-01 7.175371050834655762e-01 4.475042114257812500e+02
5.377045869827270508e-01 -5.271949172019958496e-01 -6.579807400703430176e-01 -1.766961975097656250e+02 8.099262118339538574e-01 5.398361682891845703e-01 2.293412387371063232e-01 6.890382385253906250e+01 2.342939823865890503e-01 -6.562342047691345215e-01 7.172609567642211914e-01 4.493828735351562500e+02
5.236669182777404785e-01 -5.234904885292053223e-01 -6.721086502075195312e-01 -1.786755218505859375e+02 8.177470564842224121e-01 5.300912857055664062e-01 2.242631614208221436e-01 6.953943634033203125e+01 2.388790100812911987e-01 -6.670545339584350586e-01 7.056736350059509277e-01 4.515808410644531250e+02
5.257537961006164551e-01 -5.211676955223083496e-01 -6.722846031188964844e-01 -1.804575653076171875e+02 8.165842294692993164e-01 5.306038260459899902e-01 2.272677719593048096e-01 7.010774230957031250e+01 2.382718473672866821e-01 -6.684643626213073730e-01 7.045438885688781738e-01 4.535276489257812500e+02
5.269243717193603516e-01 -5.194966793060302734e-01 -6.726613640785217285e-01 -1.822173767089843750e+02 8.173190951347351074e-01 5.267998576164245605e-01 2.333931028842926025e-01 7.069316101074218750e+01 2.331106364727020264e-01 -6.727598905563354492e-01 7.021777629852294922e-01 4.554320983886718750e+02
5.238053202629089355e-01 -5.235633850097656250e-01 -6.719440817832946777e-01 -1.841200561523437500e+02 8.224878907203674316e-01 5.161328911781311035e-01 2.390009015798568726e-01 7.134063720703125000e+01 2.216799706220626831e-01 -6.778562068939208984e-01 7.009771466255187988e-01 4.574447631835937500e+02
5.221288204193115234e-01 -5.274105668067932129e-01 -6.702380776405334473e-01 -1.859854431152343750e+02 8.238813281059265137e-01 5.150485634803771973e-01 2.365280687808990479e-01 7.196218872070312500e+01 2.204573750495910645e-01 -6.756951808929443359e-01 7.034448385238647461e-01 4.594499511718750000e+02
5.181183218955993652e-01 -5.262422561645507812e-01 -6.742565631866455078e-01 -1.878281860351562500e+02 8.256014585494995117e-01 5.136705636978149414e-01 2.335076332092285156e-01 7.259938049316406250e+01 2.234638184309005737e-01 -6.776521801948547363e-01 7.006078958511352539e-01 4.614327392578125000e+02
5.115715861320495605e-01 -5.207406282424926758e-01 -6.834641695022583008e-01 -1.897166595458984375e+02 8.297483921051025391e-01 5.060079097747802734e-01 2.355305999517440796e-01 7.321931457519531250e+01 2.231876254081726074e-01 -6.875943541526794434e-01 6.909422874450683594e-01 4.634120483398437500e+02
5.075445175170898438e-01 -5.255279541015625000e-01 -6.828019022941589355e-01 -1.916799468994140625e+02 8.336842656135559082e-01 4.997006356716156006e-01 2.350976169109344482e-01 7.387213134765625000e+01 2.176458835601806641e-01 -6.885640025138854980e-01 6.917440295219421387e-01 4.654307556152343750e+02
5.013637542724609375e-01 -5.247395038604736328e-01 -6.879552006721496582e-01 -1.936999359130859375e+02 8.370360732078552246e-01 4.954951703548431396e-01 2.320696413516998291e-01 7.451984405517578125e+01 2.191020548343658447e-01 -6.921948790550231934e-01 6.876485347747802734e-01 4.675329895019531250e+02
5.014405250549316406e-01 -5.211386084556579590e-01 -6.906312108039855957e-01 -1.957464599609375000e+02 8.366009593009948730e-01 4.955700039863586426e-01 2.334746122360229492e-01 7.519073486328125000e+01 2.205831557512283325e-01 -6.948566436767578125e-01 6.844831705093383789e-01 4.696117553710937500e+02
5.042603611946105957e-01 -5.246546268463134766e-01 -6.858997941017150879e-01 -1.976825714111328125e+02 8.367342948913574219e-01 4.932588338851928711e-01 2.378500252962112427e-01 7.582007598876953125e+01 2.135367095470428467e-01 -6.938545107841491699e-01 6.877266168594360352e-01 4.715690002441406250e+02
4.991278052330017090e-01 -5.227568149566650391e-01 -6.910834312438964844e-01 -1.995293121337890625e+02 8.391072154045104980e-01 4.906306564807891846e-01 2.349081337451934814e-01 7.645571136474609375e+01 2.162665575742721558e-01 -6.971425414085388184e-01 6.835356354713439941e-01 4.734731140136718750e+02
4.962768852710723877e-01 -5.290060043334960938e-01 -6.883759498596191406e-01 -2.014592437744140625e+02 8.437229394912719727e-01 4.807086288928985596e-01 2.388554811477661133e-01 7.710879516601562500e+01 2.045519798994064331e-01 -6.993373632431030273e-01 6.848983168601989746e-01 4.754107971191406250e+02
4.874044656753540039e-01 -5.250003337860107422e-01 -6.977185010910034180e-01 -2.033468933105468750e+02 8.480588197708129883e-01 4.749019145965576172e-01 2.350861281156539917e-01 7.778540039062500000e+01 2.079272419214248657e-01 -7.062886357307434082e-01 6.766997575759887695e-01 4.773188171386718750e+02
4.849978685379028320e-01 -5.264144539833068848e-01 -6.983297467231750488e-01 -2.054714050292968750e+02 8.509104847908020020e-01 4.683446288108825684e-01 2.379195690155029297e-01 7.849729919433593750e+01 2.018143981695175171e-01 -7.096068859100341797e-01 6.750769615173339844e-01 4.794582824707031250e+02
4.790455400943756104e-01 -5.224718451499938965e-01 -7.053638100624084473e-01 -2.073596343994140625e+02 8.530837297439575195e-01 4.664182960987091064e-01 2.338870763778686523e-01 7.913088989257812500e+01 2.067948728799819946e-01 -7.137772440910339355e-01 6.691471338272094727e-01 4.813237915039062500e+02
4.760000705718994141e-01 -5.187320709228515625e-01 -7.101693153381347656e-01 -2.093159027099609375e+02 8.545220494270324707e-01 4.636916220188140869e-01 2.340579926967620850e-01 7.978943634033203125e+01 2.078859061002731323e-01 -7.182673215866088867e-01 6.639845371246337891e-01 4.832250671386718750e+02
4.726098775863647461e-01 -5.142576694488525391e-01 -7.156664729118347168e-01 -2.113162689208984375e+02 8.546482920646667480e-01 4.655587375164031982e-01 2.298529595136642456e-01 8.043160247802734375e+01 2.149808257818222046e-01 -7.202742099761962891e-01 6.595363616943359375e-01 4.851737670898437500e+02
4.621084332466125488e-01 -5.072286128997802734e-01 -7.274438142776489258e-01 -2.132735290527343750e+02 8.576189279556274414e-01 4.643806517124176025e-01 2.210009396076202393e-01 8.103357696533203125e+01 2.257125377655029297e-01 -7.259962558746337891e-01 6.496022939682006836e-01 4.870299987792968750e+02
4.505014419555664062e-01 -5.129647850990295410e-01 -7.306949496269226074e-01 -2.151575927734375000e+02 8.644810914993286133e-01 4.550627768039703369e-01 2.135211527347564697e-01 8.155663299560546875e+01 2.229829430580139160e-01 -7.278637886047363281e-01 6.484540104866027832e-01 4.887478332519531250e+02
4.487409591674804688e-01 -5.202099680900573730e-01 -7.266448140144348145e-01 -2.171762542724609375e+02 8.665681481361389160e-01 4.519976675510406494e-01 2.115627229213714600e-01 8.211639404296875000e+01 2.183844000101089478e-01 -7.246243357658386230e-01 6.536265015602111816e-01 4.905726318359375000e+02
4.391183555126190186e-01 -5.184985399246215820e-01 -7.337124347686767578e-01 -2.191981658935546875e+02 8.704934716224670410e-01 4.476099312305450439e-01 2.046641558408737183e-01 8.266481018066406250e+01 2.222985774278640747e-01 -7.285639047622680664e-01 6.479026079177856445e-01 4.924376831054687500e+02
4.399495422840118408e-01 -5.137757062911987305e-01 -7.365313768386840820e-01 -2.210511016845703125e+02 8.705174326896667480e-01 4.454287886619567871e-01 2.092691063880920410e-01 8.321833801269531250e+01 2.205545604228973389e-01 -7.332314252853393555e-01 6.432161927223205566e-01 4.941436157226562500e+02
4.374851286411285400e-01 -5.187957286834716797e-01 -7.344775795936584473e-01 -2.231976928710937500e+02 8.737787604331970215e-01 4.381960034370422363e-01 2.109404206275939941e-01 8.381140899658203125e+01 2.124098092317581177e-01 -7.340543866157531738e-01 6.450162529945373535e-01 4.961143798828125000e+02
4.375919699668884277e-01 -5.187168121337890625e-01 -7.344696521759033203e-01 -2.252316131591796875e+02 8.741716146469116211e-01 4.367019236087799072e-01 2.124061584472656250e-01 8.436441040039062500e+01 2.105653584003448486e-01 -7.349999547004699707e-01 6.445440649986267090e-01 4.979611816406250000e+02
4.299201667308807373e-01 -5.168740749359130859e-01 -7.402765750885009766e-01 -2.272913513183593750e+02 8.791369795799255371e-01 4.263991117477416992e-01 2.128449082374572754e-01 8.494806671142578125e+01 2.056389600038528442e-01 -7.423110008239746094e-01 6.377199888229370117e-01 4.998219299316406250e+02
4.257753491401672363e-01 -5.143114924430847168e-01 -7.444451451301574707e-01 -2.293612976074218750e+02 8.807799220085144043e-01 4.240093231201171875e-01 2.108168154954910278e-01 8.549552917480468750e+01 2.072258889675140381e-01 -7.454531788825988770e-01 6.335272789001464844e-01 5.016626586914062500e+02
4.191910922527313232e-01 -5.173899531364440918e-01 -7.460469603538513184e-01 -2.314173126220703125e+02 8.838901519775390625e-01 4.202924370765686035e-01 2.051665335893630981e-01 8.605001068115234375e+01 2.074064761400222778e-01 -7.454277873039245605e-01 6.334980726242065430e-01 5.034696350097656250e+02
4.141896963119506836e-01 -5.139783620834350586e-01 -7.511808872222900391e-01 -2.333330078125000000e+02 8.853123784065246582e-01 4.191370010375976562e-01 2.013629227876663208e-01 8.653871154785156250e+01 2.113512009382247925e-01 -7.484323978424072266e-01 6.286329627037048340e-01 5.051451416015625000e+02
4.040796756744384766e-01 -5.092783570289611816e-01 -7.598386406898498535e-01 -2.354958496093750000e+02 8.896997570991516113e-01 4.117906987667083740e-01 1.971386522054672241e-01 8.709430694580078125e+01 2.124956995248794556e-01 -7.556881904602050781e-01 6.195004582405090332e-01 5.069956665039062500e+02
4.012606739997863770e-01 -5.039350986480712891e-01 -7.648783326148986816e-01 -2.376536712646484375e+02 8.909174799919128418e-01 4.086688756942749023e-01 1.981329917907714844e-01 8.763769531250000000e+01 2.127354443073272705e-01 -7.609466910362243652e-01 6.129466891288757324e-01 5.087977905273437500e+02
3.952312469482421875e-01 -5.096669197082519531e-01 -7.642194628715515137e-01 -2.397457580566406250e+02 8.952472209930419922e-01 4.000501930713653564e-01 1.961967349052429199e-01 8.817469024658203125e+01 2.057307958602905273e-01 -7.617086768150329590e-01 6.143895983695983887e-01 5.105486145019531250e+02
3.924756348133087158e-01 -5.108703970909118652e-01 -7.648357748985290527e-01 -2.416758270263671875e+02 8.977390527725219727e-01 3.936597704887390137e-01 1.977308243513107300e-01 8.867479705810546875e+01 2.000698894262313843e-01 -7.642276883125305176e-01 6.131295561790466309e-01 5.121207275390625000e+02
3.807676434516906738e-01 -5.048346519470214844e-01 -7.746982574462890625e-01 -2.437787017822265625e+02 9.021667838096618652e-01 3.865392804145812988e-01 1.915294080972671509e-01 8.919692230224609375e+01 2.027602791786193848e-01 -7.718354463577270508e-01 6.026260256767272949e-01 5.138767700195312500e+02
3.668786585330963135e-01 -5.125605463981628418e-01 -7.763254046440124512e-01 -2.458133239746093750e+02 9.091038703918457031e-01 3.745452165603637695e-01 1.823380738496780396e-01 8.972325134277343750e+01 1.973092854022979736e-01 -7.726565599441528320e-01 6.033826470375061035e-01 5.155352783203125000e+02
3.652551174163818359e-01 -5.211495757102966309e-01 -7.713567614555358887e-01 -2.479752655029296875e+02 9.115462899208068848e-01 3.683450818061828613e-01 1.827740520238876343e-01 9.022605895996093750e+01 1.888724863529205322e-01 -7.698867321014404297e-01 6.095911264419555664e-01 5.172625122070312500e+02
3.584876954555511475e-01 -5.207899808883666992e-01 -7.747669219970703125e-01 -2.502078552246093750e+02 9.155132174491882324e-01 3.584152162075042725e-01 1.826885491609573364e-01 9.073184967041015625e+01 1.825455576181411743e-01 -7.748011350631713867e-01 6.052768230438232422e-01 5.190747070312500000e+02
3.544498980045318604e-01 -5.233016610145568848e-01 -7.749322652816772461e-01 -2.524857177734375000e+02 9.175125360488891602e-01 3.545044064521789551e-01 1.802730262279510498e-01 9.127476501464843750e+01 1.803794354200363159e-01 -7.749080657958984375e-01 6.057891845703125000e-01 5.208948974609375000e+02
3.523752987384796143e-01 -5.241497755050659180e-01 -7.753051519393920898e-01 -2.545334320068359375e+02 9.181048870086669922e-01 3.542157411575317383e-01 1.778077781200408936e-01 9.175655364990234375e+01 1.814270913600921631e-01 -7.744667530059814453e-01 6.060406565666198730e-01 5.226185913085937500e+02
3.490826785564422607e-01 -5.236051082611083984e-01 -7.771604061126708984e-01 -2.567044372558593750e+02 9.197248816490173340e-01 3.503648340702056885e-01 1.770640015602111816e-01 9.223606872558593750e+01 1.795777529478073120e-01 -7.765840291976928711e-01 6.038782596588134766e-01 5.243549194335937500e+02
3.480677604675292969e-01 -5.170469284057617188e-01 -7.819914221763610840e-01 -2.590515747070312500e+02 9.206784367561340332e-01 3.457038104534149170e-01 1.812210679054260254e-01 9.274017333984375000e+01 1.766373217105865479e-01 -7.830401659011840820e-01 5.963616967201232910e-01 5.262349853515625000e+02
3.449305295944213867e-01 -5.181435346603393555e-01 -7.826554179191589355e-01 -2.613677978515625000e+02 9.234435558319091797e-01 3.367084562778472900e-01 1.840663552284240723e-01 9.327207946777343750e+01 1.681535989046096802e-01 -7.862284779548645020e-01 5.946167111396789551e-01 5.280198364257812500e+02
3.317363560199737549e-01 -5.234316587448120117e-01 -7.848373055458068848e-01 -2.637102050781250000e+02 9.292261004447937012e-01 3.248404562473297119e-01 1.761209219694137573e-01 9.381417846679687500e+01 1.627593040466308594e-01 -7.877172231674194336e-01 5.941471457481384277e-01 5.298770751953125000e+02
3.313641846179962158e-01 -5.163863897323608398e-01 -7.896468639373779297e-01 -2.659602966308593750e+02 9.290980100631713867e-01 3.242797851562500000e-01 1.778214126825332642e-01 9.427892303466796875e+01 1.642416417598724365e-01 -7.925832271575927734e-01 5.872276425361633301e-01 5.316331787109375000e+02
3.295558989048004150e-01 -5.163855552673339844e-01 -7.904037833213806152e-01 -2.682567749023437500e+02 9.294461607933044434e-01 3.245494663715362549e-01 1.754948198795318604e-01 9.478038024902343750e+01 1.659018099308013916e-01 -7.924733161926269531e-01 5.869091749191284180e-01 5.334014282226562500e+02
3.259297907352447510e-01 -5.184484720230102539e-01 -7.905569076538085938e-01 -2.705438232421875000e+02 9.320620298385620117e-01 3.161589503288269043e-01 1.769317686557769775e-01 9.527857971191406250e+01 1.582113057374954224e-01 -7.945156693458557129e-01 5.862711668014526367e-01 5.351715087890625000e+02
3.268708288669586182e-01 -5.135232210159301758e-01 -7.933779954910278320e-01 -2.727552795410156250e+02 9.320631623268127441e-01 3.139642179012298584e-01 1.807918846607208252e-01 9.576717376708984375e+01 1.562511473894119263e-01 -7.985742092132568359e-01 5.812612175941467285e-01 5.368658447265625000e+02
3.167340755462646484e-01 -5.074204206466674805e-01 -8.013759255409240723e-01 -2.749875793457031250e+02 9.356524348258972168e-01 3.058091402053833008e-01 1.761710047721862793e-01 9.629141998291015625e+01 1.556749790906906128e-01 -8.056089282035827637e-01 5.716287493705749512e-01 5.385694580078125000e+02
3.148305118083953857e-01 -5.088182091712951660e-01 -8.012397289276123047e-01 -2.771886291503906250e+02 9.361599683761596680e-01 3.056401908397674561e-01 1.737512648105621338e-01 9.673876190185546875e+01 1.564829200506210327e-01 -8.047910332679748535e-01 5.725594758987426758e-01 5.401693115234375000e+02
3.111679255962371826e-01 -5.144049525260925293e-01 -7.991003394126892090e-01 -2.794697265625000000e+02 9.386170506477355957e-01 2.980960905551910400e-01 1.736019998788833618e-01 9.718293762207031250e+01 1.489065736532211304e-01 -8.040688037872314453e-01 5.755866765975952148e-01 5.418568115234375000e+02
2.994956970214843750e-01 -5.105871558189392090e-01 -8.059791922569274902e-01 -2.820567321777343750e+02 9.426238536834716797e-01 2.889654338359832764e-01 1.672125011682510376e-01 9.770347595214843750e+01 1.475231796503067017e-01 -8.098148107528686523e-01 5.678350925445556641e-01 5.438327636718750000e+02
2.890090644359588623e-01 -5.120353698730468750e-01 -8.088837862014770508e-01 -2.843963317871093750e+02 9.450312256813049316e-01 2.875789701938629150e-01 1.556119918823242188e-01 9.816059875488281250e+01 1.529387235641479492e-01 -8.093938827514648438e-01 5.670019388198852539e-01 5.455581665039062500e+02
2.838054299354553223e-01 -5.205384492874145508e-01 -8.052911162376403809e-01 -2.865632934570312500e+02 9.489037394523620605e-01 2.733064591884613037e-01 1.577535867691040039e-01 9.861716461181640625e+01 1.379740387201309204e-01 -8.089151382446289062e-01 5.715062022209167480e-01 5.471603393554687500e+02
2.738914191722869873e-01 -5.198804140090942383e-01 -8.091399073600769043e-01 -2.891549377441406250e+02 9.523339867591857910e-01 2.641072273254394531e-01 1.526706963777542114e-01 9.910210418701171875e+01 1.343287825584411621e-01 -8.123866915702819824e-01 5.674359798431396484e-01 5.490687866210937500e+02
2.677908241748809814e-01 -5.134012103080749512e-01 -8.152955770492553711e-01 -2.913591003417968750e+02 9.536674618721008301e-01 2.616904079914093018e-01 1.484507471323013306e-01 9.949605560302734375e+01 1.371398270130157471e-01 -8.172745108604431152e-01 5.596917867660522461e-01 5.506877441406250000e+02
2.649014890193939209e-01 -5.120542049407958984e-01 -8.170846700668334961e-01 -2.933495483398437500e+02 9.550730586051940918e-01 2.561166882514953613e-01 1.491334885358810425e-01 9.985421752929687500e+01 1.329041719436645508e-01 -8.198811411857604980e-01 5.568943023681640625e-01 5.521414184570312500e+02
2.656545937061309814e-01 -5.114969015121459961e-01 -8.171892166137695312e-01 -2.955346374511718750e+02 9.561432003974914551e-01 2.482540607452392578e-01 1.554384976625442505e-01 1.002422561645507812e+02 1.233638003468513489e-01 -8.226427435874938965e-01 5.550135970115661621e-01 5.536590576171875000e+02
2.683245241641998291e-01 -5.145698189735412598e-01 -8.143828511238098145e-01 -2.978221130371093750e+02 9.564507007598876953e-01 2.431482374668121338e-01 1.614995151758193970e-01 1.006945953369140625e+02 1.149125546216964722e-01 -8.222512006759643555e-01 5.574027895927429199e-01 5.552651367187500000e+02
2.694339454174041748e-01 -5.192777514457702637e-01 -8.110212683677673340e-01 -3.000567016601562500e+02 9.574475288391113281e-01 2.349054068326950073e-01 1.676746308803558350e-01 1.011082992553710938e+02 1.034431457519531250e-01 -8.216874003410339355e-01 5.604722499847412109e-01 5.568185424804687500e+02
2.621392607688903809e-01 -5.199673175811767578e-01 -8.129677176475524902e-01 -3.023225097656250000e+02 9.591226577758789062e-01 2.334524840116500854e-01 1.599522829055786133e-01 1.015471649169921875e+02 1.066189482808113098e-01 -8.216654062271118164e-01 5.599090456962585449e-01 5.584338989257812500e+02
2.619340121746063232e-01 -5.187725424766540527e-01 -8.137967586517333984e-01 -3.046910095214843750e+02 9.597840309143066406e-01 2.282974123954772949e-01 1.633892208337783813e-01 1.020335845947265625e+02 1.010254397988319397e-01 -8.238661289215087891e-01 5.577080249786376953e-01 5.601065063476562500e+02
2.614794373512268066e-01 -5.227512121200561523e-01 -8.113933801651000977e-01 -3.071802368164062500e+02 9.604409337043762207e-01 2.243751734495162964e-01 1.649547070264816284e-01 1.025296020507812500e+02 9.582583606243133545e-02 -8.224275112152099609e-01 5.607408285140991211e-01 5.618876953125000000e+02
2.642231285572052002e-01 -5.249849557876586914e-01 -8.090589642524719238e-01 -3.094094543457031250e+02 9.604704976081848145e-01 2.194707095623016357e-01 1.712602823972702026e-01 1.029932403564453125e+02 8.765526115894317627e-02 -8.223280310630798340e-01 5.622214674949645996e-01 5.634654541015625000e+02
2.689639925956726074e-01 -5.271467566490173340e-01 -8.060857057571411133e-01 -3.116491699218750000e+02 9.596084356307983398e-01 2.183798253536224365e-01 1.773780137300491333e-01 1.034444503784179688e+02 8.252819627523422241e-02 -8.212347626686096191e-01 5.645904541015625000e-01 5.651098632812500000e+02
2.585261762142181396e-01 -5.251848101615905762e-01 -8.107678890228271484e-01 -3.140425109863281250e+02 9.626802206039428711e-01 2.096399962902069092e-01 1.711689978837966919e-01 1.039909286499023438e+02 8.007360249757766724e-02 -8.247618079185485840e-01 5.597822070121765137e-01 5.668392944335937500e+02
2.505022883415222168e-01 -5.202071070671081543e-01 -8.164757490158081055e-01 -3.162150573730468750e+02 9.649363160133361816e-01 2.024647295475006104e-01 1.670535653829574585e-01 1.044259414672851562e+02 7.840467989444732666e-02 -8.296942710876464844e-01 5.526843667030334473e-01 5.684082641601562500e+02
2.504378557205200195e-01 -5.189147591590881348e-01 -8.173174262046813965e-01 -3.185242004394531250e+02 9.648088812828063965e-01 2.036733180284500122e-01 1.663191765546798706e-01 1.048905181884765625e+02 8.015987277030944824e-02 -8.302075862884521484e-01 5.516608357429504395e-01 5.700280761718750000e+02
2.496260106563568115e-01 -5.141814351081848145e-01 -8.205509185791015625e-01 -3.209859619140625000e+02 9.653387665748596191e-01 1.988336890935897827e-01 1.690779328346252441e-01 1.053762435913085938e+02 7.621604949235916138e-02 -8.343155980110168457e-01 5.459930896759033203e-01 5.717711791992187500e+02
2.363100796937942505e-01 -5.111002922058105469e-01 -8.263979554176330566e-01 -3.233832702636718750e+02 9.681866765022277832e-01 1.958860754966735840e-01 1.557056754827499390e-01 1.058253631591796875e+02 8.229825645685195923e-02 -8.369020819664001465e-01 5.411300659179687500e-01 5.734039916992187500e+02
2.308998256921768188e-01 -5.128555297851562500e-01 -8.268398046493530273e-01 -3.256441650390625000e+02 9.696874022483825684e-01 1.911273300647735596e-01 1.522422879934310913e-01 1.062725524902343750e+02 7.995300740003585815e-02 -8.369285464286804199e-01 5.414405465126037598e-01 5.748983154296875000e+02
2.209731787443161011e-01 -5.094344615936279297e-01 -8.316531777381896973e-01 -3.279745178222656250e+02 9.721438288688659668e-01 1.833875328302383423e-01 1.459668874740600586e-01 1.067096023559570312e+02 7.815388590097427368e-02 -8.407409787178039551e-01 5.357670783996582031e-01 5.764863281250000000e+02
2.199958413839340210e-01 -5.148650407791137695e-01 -8.285623192787170410e-01 -3.303447570800781250e+02 9.729374647140502930e-01 1.773477494716644287e-01 1.481265723705291748e-01 1.071164779663085938e+02 7.067810744047164917e-02 -8.387262225151062012e-01 5.399469137191772461e-01 5.780748901367187500e+02
2.179108858108520508e-01 -5.101535320281982422e-01 -8.320204019546508789e-01 -3.325876159667968750e+02 9.732728600502014160e-01 1.769166886806488037e-01 1.464292407035827637e-01 1.075015258789062500e+02 7.249653339385986328e-02 -8.416910171508789062e-01 5.350703001022338867e-01 5.795939941406250000e+02
2.100612670183181763e-01 -5.042039155960083008e-01 -8.376469612121582031e-01 -3.348656005859375000e+02 9.741530418395996094e-01 1.807373911142349243e-01 1.355026215314865112e-01 1.078980102539062500e+02 8.307280391454696655e-02 -8.444597721099853516e-01 5.291373729705810547e-01 5.810963134765625000e+02
2.080873250961303711e-01 -5.015435814857482910e-01 -8.397341370582580566e-01 -3.374143676757812500e+02 9.752098321914672852e-01 1.724568307399749756e-01 1.386560797691345215e-01 1.083204040527343750e+02 7.527545839548110962e-02 -8.477692008018493652e-01 5.249959826469421387e-01 5.827474365234375000e+02
2.034386992454528809e-01 -5.005391836166381836e-01 -8.414707183837890625e-01 -3.396798706054687500e+02 9.761808514595031738e-01 1.698792129755020142e-01 1.349563151597976685e-01 1.086957168579101562e+02 7.539708912372589111e-02 -8.488824367523193359e-01 5.231764316558837891e-01 5.842439575195312500e+02
1.999117881059646606e-01 -5.044475793838500977e-01 -8.399807214736938477e-01 -3.421108398437500000e+02 9.778227210044860840e-01 1.573488861322402954e-01 1.382222622632980347e-01 1.091134414672851562e+02 6.244380027055740356e-02 -8.489839434623718262e-01 5.247158408164978027e-01 5.857860107421875000e+02
1.885981112718582153e-01 -4.964232742786407471e-01 -8.473455309867858887e-01 -3.445132141113281250e+02 9.801064133644104004e-01 1.494726538658142090e-01 1.305778324604034424e-01 1.094863510131835938e+02 6.183277070522308350e-02 -8.551149964332580566e-01 5.147376060485839844e-01 5.873289794921875000e+02
1.852524876594543457e-01 -4.962244331836700439e-01 -8.481996655464172363e-01 -3.467824707031250000e+02 9.807372093200683594e-01 1.477692127227783203e-01 1.277498155832290649e-01 1.098273925781250000e+02 6.194487214088439941e-02 -8.555263280868530273e-01 5.140401124954223633e-01 5.887568969726562500e+02
1.842150837182998657e-01 -4.926550388336181641e-01 -8.505032062530517578e-01 -3.491764221191406250e+02 9.807853698730468750e-01 1.486883610486984253e-01 1.263057142496109009e-01 1.102000274658203125e+02 6.423442810773849487e-02 -8.574278354644775391e-01 5.105792284011840820e-01 5.902457275390625000e+02
1.801456063985824585e-01 -4.881251156330108643e-01 -8.539797067642211914e-01 -3.515819702148437500e+02 9.814703464508056641e-01 1.468395739793777466e-01 1.231077015399932861e-01 1.105573883056640625e+02 6.530570983886718750e-02 -8.603323101997375488e-01 5.055325031280517578e-01 5.917436523437500000e+02
1.717104017734527588e-01 -4.919514656066894531e-01 -8.535217046737670898e-01 -3.540275878906250000e+02 9.832626581192016602e-01 1.391608119010925293e-01 1.176022216677665710e-01 1.109111404418945312e+02 6.092184782028198242e-02 -8.594287037849426270e-01 5.076125264167785645e-01 5.932874145507812500e+02
1.668615639209747314e-01 -4.929980635643005371e-01 -8.538795113563537598e-01 -3.563030700683593750e+02 9.838060140609741211e-01 1.407393813133239746e-01 1.109936162829399109e-01 1.112281265258789062e+02 6.545448303222656250e-02 -8.585715293884277344e-01 5.084980726242065430e-01 5.947327270507812500e+02
1.677953004837036133e-01 -4.906169474124908447e-01 -8.550671339035034180e-01 -3.587776184082031250e+02 9.840810894966125488e-01 1.348922550678253174e-01 1.157146170735359192e-01 1.115599822998046875e+02 5.857003107666969299e-02 -8.608709573745727539e-01 5.054407715797424316e-01 5.962683105468750000e+02
1.548161953687667847e-01 -4.888250529766082764e-01 -8.585348725318908691e-01 -3.610263366699218750e+02 9.863484501838684082e-01 1.258471459150314331e-01 1.062105745077133179e-01 1.118674697875976562e+02 5.612542480230331421e-02 -8.632567524909973145e-01 5.016346573829650879e-01 5.976324462890625000e+02
1.490849405527114868e-01 -4.843132793903350830e-01 -8.620988726615905762e-01 -3.635733947753906250e+02 9.870285987854003906e-01 1.254180967807769775e-01 1.002314686775207520e-01 1.122021713256835938e+02 5.957900732755661011e-02 -8.658582568168640137e-01 4.967286884784698486e-01 5.992224121093750000e+02
1.452013850212097168e-01 -4.804261624813079834e-01 -8.649320602416992188e-01 -3.659234924316406250e+02 9.878174066543579102e-01 1.198631078004837036e-01 9.925296902656555176e-02 1.124700393676757812e+02 5.598936602473258972e-02 -8.688055872917175293e-01 4.919772744178771973e-01 6.006491699218750000e+02
1.429265588521957397e-01 -4.804419279098510742e-01 -8.653021454811096191e-01 -3.684622802734375000e+02 9.883503913879394531e-01 1.154973283410072327e-01 9.912346303462982178e-02 1.127655181884765625e+02 5.231666192412376404e-02 -8.693879842758178711e-01 4.913522303104400635e-01 6.022052001953125000e+02
1.349165886640548706e-01 -4.754497408866882324e-01 -8.693361282348632812e-01 -3.710917053222656250e+02 9.900828599929809570e-01 9.937892854213714600e-02 9.930439293384552002e-02 1.130918884277343750e+02 3.917910531163215637e-02 -8.741114139556884766e-01 4.841421246528625488e-01 6.037427978515625000e+02
1.281944960355758667e-01 -4.739580452442169189e-01 -8.711659908294677734e-01 -3.733048706054687500e+02 9.913096427917480469e-01 8.740701526403427124e-02 9.832011908292770386e-02 1.133664321899414062e+02 2.954608388245105743e-02 -8.761981129646301270e-01 4.810438752174377441e-01 6.050589599609375000e+02
