9.999822378158569336e-01 4.392871633172035217e-03 -4.021794069558382034e-03 -4.576767329126596451e-03 -4.399446770548820496e-03 9.999889731407165527e-01 -1.628244644962251186e-03 -5.020456761121749878e-02 4.014600533992052078e-03 1.645901123993098736e-03 9.999905824661254883e-01 2.783407688140869141e+00
9.999924302101135254e-01 1.940475427545607090e-03 -3.376782406121492386e-03 -1.818316057324409485e-02 -1.945673371665179729e-03 9.999969005584716797e-01 -1.537533360533416271e-03 -9.333927929401397705e-02 3.373791929334402084e-03 1.544081489555537701e-03 9.999930858612060547e-01 5.552250862121582031e+00
9.999933838844299316e-01 1.360238878987729549e-03 -3.422059817239642143e-03 -2.601766772568225861e-02 -1.365880598314106464e-03 9.999978542327880859e-01 -1.649105921387672424e-03 -1.483191847801208496e-01 3.419748274609446526e-03 1.653784886002540588e-03 9.999927878379821777e-01 8.297669410705566406e+00
1.000000000000000000e+00 -3.951627295464277267e-04 -1.500917132943868637e-04 -3.482364863157272339e-02 3.951081016566604376e-04 1.000000000000000000e+00 -3.981561167165637016e-04 -1.884144246578216553e-01 1.501871738582849503e-04 3.981168847531080246e-04 9.999998807907104492e-01 1.103035163879394531e+01
9.999997019767761230e-01 6.146184750832617283e-04 -6.879824213683605194e-04 -3.712701797485351562e-02 -6.144871586002409458e-04 9.999999403953552246e-01 1.761367893777787685e-04 -2.299997210502624512e-01 6.880385335534811020e-04 -1.756845740601420403e-04 9.999997019767761230e-01 1.358769798278808594e+01
9.999933838844299316e-01 1.540748635306954384e-03 -3.344852011650800705e-03 -4.002983495593070984e-02 -1.531011424958705902e-03 9.999946951866149902e-01 2.910584211349487305e-03 -2.731458246707916260e-01 3.349263919517397881e-03 -2.905416069552302361e-03 9.999901056289672852e-01 1.649545478820800781e+01
9.999908208847045898e-01 3.755608107894659042e-03 2.133714733645319939e-03 -4.036615416407585144e-02 -3.764193039387464523e-03 9.999848604202270508e-01 4.031291697174310684e-03 -3.160004019737243652e-01 -2.118591917678713799e-03 -4.039276391267776489e-03 9.999895095825195312e-01 1.909165000915527344e+01
9.999752640724182129e-01 6.279081106185913086e-03 -3.225850639864802361e-03 -4.166604578495025635e-02 -6.265023257583379745e-03 9.999710321426391602e-01 4.351731855422258377e-03 -3.503444492816925049e-01 3.253029426559805870e-03 -4.331419244408607483e-03 9.999852180480957031e-01 2.155738449096679688e+01
9.999544620513916016e-01 9.322101250290870667e-03 -2.127367537468671799e-03 -4.521682858467102051e-02 -9.314298629760742188e-03 9.999500513076782227e-01 3.651967272162437439e-03 -3.860639929771423340e-01 2.161254873499274254e-03 -3.631989471614360809e-03 9.999909996986389160e-01 2.456619834899902344e+01
9.999274015426635742e-01 1.149900443851947784e-02 -3.639530390501022339e-03 -5.180738493800163269e-02 -1.149254571646451950e-02 9.999324679374694824e-01 1.790276495739817619e-03 -4.352177977561950684e-01 3.659832291305065155e-03 -1.748332986608147621e-03 9.999917149543762207e-01 2.739215660095214844e+01
9.999340772628784180e-01 1.074374001473188400e-02 -4.079257603734731674e-03 -5.930551141500473022e-02 -1.072977576404809952e-02 9.999366998672485352e-01 3.430088981986045837e-03 -4.827031791210174561e-01 4.115815274417400360e-03 -3.386105876415967941e-03 9.999857544898986816e-01 3.012163162231445312e+01
9.999257326126098633e-01 1.057412102818489075e-02 -6.082585547119379044e-03 -6.806514412164688110e-02 -1.055854931473731995e-02 9.999410510063171387e-01 2.587539609521627426e-03 -5.340059399604797363e-01 6.109551526606082916e-03 -2.523137722164392471e-03 9.999780654907226562e-01 3.314196014404296875e+01
9.998947978019714355e-01 1.382446940988302231e-02 -4.420428071171045303e-03 -8.442106842994689941e-02 -1.380738429725170135e-02 9.998973608016967773e-01 3.872153582051396370e-03 -5.870743989944458008e-01 4.473457112908363342e-03 -3.810709808021783829e-03 9.999826550483703613e-01 3.619210052490234375e+01
9.999116063117980957e-01 1.109522487968206406e-02 -7.350101135671138763e-03 -9.932753443717956543e-02 -1.107471622526645660e-02 9.999348521232604980e-01 2.823535818606615067e-03 -6.273208856582641602e-01 7.380890659987926483e-03 -2.741856500506401062e-03 9.999689459800720215e-01 3.889863967895507812e+01
9.999043941497802734e-01 9.208698756992816925e-03 -1.032987050712108612e-02 -1.258286386728286743e-01 -9.132501669228076935e-03 9.999310970306396484e-01 7.400579750537872314e-03 -6.699027419090270996e-01 1.039726193994283676e-02 -7.305494043976068497e-03 9.999192357063293457e-01 4.164332580566406250e+01
9.999222755432128906e-01 8.945379406213760376e-03 -8.704972453415393829e-03 -1.500622779130935669e-01 -8.877238258719444275e-03 9.999300837516784668e-01 7.835328578948974609e-03 -6.972875595092773438e-01 8.774410001933574677e-03 -7.757409010082483292e-03 9.999314546585083008e-01 4.439312362670898438e+01
9.998847842216491699e-01 1.288022287189960480e-02 -8.053386583924293518e-03 -1.748058348894119263e-01 -1.280318386852741241e-02 9.998726248741149902e-01 9.545503184199333191e-03 -7.217383980751037598e-01 8.175261318683624268e-03 -9.441258385777473450e-03 9.999220371246337891e-01 4.715390777587890625e+01
9.998627901077270508e-01 1.577834784984588623e-02 -5.081161856651306152e-03 -1.855833381414413452e-01 -1.572184637188911438e-02 9.998163580894470215e-01 1.097265072166919708e-02 -7.442837953567504883e-01 5.253304727375507355e-03 -1.089121028780937195e-02 9.999269247055053711e-01 4.991626739501953125e+01
9.998048543930053711e-01 1.722016930580139160e-02 -9.700730443000793457e-03 -2.090673446655273438e-01 -1.709138229489326477e-02 9.997669458389282227e-01 1.320535503327846527e-02 -7.616729736328125000e-01 9.925810620188713074e-03 -1.303692907094955444e-02 9.998657703399658203e-01 5.263838195800781250e+01
9.997522234916687012e-01 1.864473149180412292e-02 -1.217288617044687271e-02 -2.410714030265808105e-01 -1.847659982740879059e-02 9.997345805168151855e-01 1.378041133284568787e-02 -7.804140448570251465e-01 1.242652814835309982e-02 -1.355203334242105484e-02 9.998309612274169922e-01 5.540150451660156250e+01
9.996894598007202148e-01 2.018790878355503082e-02 -1.461576949805021286e-02 -2.837263941764831543e-01 -1.996620930731296539e-02 9.996860027313232422e-01 1.515676267445087433e-02 -7.846267223358154297e-01 1.491711288690567017e-02 -1.486016530543565750e-02 9.997783303260803223e-01 5.831554031372070312e+01
9.997556209564208984e-01 1.888002268970012665e-02 -1.150382030755281448e-02 -3.147019743919372559e-01 -1.868667267262935638e-02 9.996863603591918945e-01 1.668739505112171173e-02 -7.969983220100402832e-01 1.181521546095609665e-02 -1.646827161312103271e-02 9.997946023941040039e-01 6.111156463623046875e+01
9.997292160987854004e-01 1.857009530067443848e-02 -1.402366533875465393e-02 -3.448866903781890869e-01 -1.828216947615146637e-02 9.996252059936523438e-01 2.038751728832721710e-02 -8.058508634567260742e-01 1.439695525914430618e-02 -2.012553438544273376e-02 9.996938109397888184e-01 6.381760406494140625e+01
9.998095035552978516e-01 1.882241480052471161e-02 -5.163984373211860657e-03 -3.715524971485137939e-01 -1.872670650482177734e-02 9.996629357337951660e-01 1.799176633358001709e-02 -8.049483895301818848e-01 5.500841885805130005e-03 -1.789155602455139160e-02 9.998247623443603516e-01 6.643866729736328125e+01
9.998481273651123047e-01 1.674591749906539917e-02 -4.823748022317886353e-03 -3.797090947628021240e-01 -1.665625534951686859e-02 9.996984004974365234e-01 1.806022785604000092e-02 -8.095037937164306641e-01 5.124678835272789001e-03 -1.797706633806228638e-02 9.998252391815185547e-01 6.924347686767578125e+01
9.998050928115844727e-01 1.972371712327003479e-02 -7.980871014297008514e-04 -3.904607594013214111e-01 -1.970565132796764374e-02 9.996361732482910156e-01 1.843091472983360291e-02 -8.100246191024780273e-01 1.161277294158935547e-03 -1.841154880821704865e-02 9.998297691345214844e-01 7.207353973388671875e+01
9.997867941856384277e-01 1.905090548098087311e-02 -7.947861216962337494e-03 -4.033098518848419189e-01 -1.887029781937599182e-02 9.995754957199096680e-01 2.220831811428070068e-02 -8.118507266044616699e-01 8.367527276277542114e-03 -2.205356210470199585e-02 9.997217059135437012e-01 7.475659942626953125e+01
9.996387958526611328e-01 2.346655167639255524e-02 -1.309003587812185287e-02 -4.307985007762908936e-01 -2.314211428165435791e-02 9.994344711303710938e-01 2.440632507205009460e-02 -7.959327101707458496e-01 1.365532539784908295e-02 -2.409451454877853394e-02 9.996163249015808105e-01 7.756948089599609375e+01
9.996178746223449707e-01 2.080961316823959351e-02 -1.818828471004962921e-02 -4.752241969108581543e-01 -2.036431618034839630e-02 9.994967579841613770e-01 2.433204278349876404e-02 -7.809649705886840820e-01 1.868543028831481934e-02 -2.395227178931236267e-02 9.995383620262145996e-01 8.043762969970703125e+01
9.996089935302734375e-01 2.209382876753807068e-02 -1.713501289486885071e-02 -5.257624387741088867e-01 -2.166081219911575317e-02 9.994516968727111816e-01 2.505490556359291077e-02 -7.637078166007995605e-01 1.767912507057189941e-02 -2.467385493218898773e-02 9.995390772819519043e-01 8.333502960205078125e+01
9.995940327644348145e-01 2.305623888969421387e-02 -1.673298329114913940e-02 -5.697785615921020508e-01 -2.261857315897941589e-02 9.994091987609863281e-01 2.588754333555698395e-02 -7.386100292205810547e-01 1.731993071734905243e-02 -2.549846842885017395e-02 9.995246529579162598e-01 8.630212402343750000e+01
9.995356798171997070e-01 2.573245763778686523e-02 -1.631126925349235535e-02 -6.139476895332336426e-01 -2.526291087269783020e-02 9.992786645889282227e-01 2.836452051997184753e-02 -7.165910005569458008e-01 1.702933385968208313e-02 -2.793918736279010773e-02 9.994643926620483398e-01 8.905976104736328125e+01
9.993440508842468262e-01 3.043698519468307495e-02 -1.961329951882362366e-02 -6.629403233528137207e-01 -2.987595647573471069e-02 9.991535544395446777e-01 2.828724496066570282e-02 -6.868264079093933105e-01 2.045761607587337494e-02 -2.768262103199958801e-02 9.994072318077087402e-01 9.183129882812500000e+01
9.992849826812744141e-01 3.103521279990673065e-02 -2.158609777688980103e-02 -7.261519432067871094e-01 -3.037602826952934265e-02 9.990818500518798828e-01 3.022036328911781311e-02 -6.523261666297912598e-01 2.250411733984947205e-02 -2.954294718801975250e-02 9.993099570274353027e-01 9.452073669433593750e+01
9.991604685783386230e-01 3.129641339182853699e-02 -2.642574720084667206e-02 -7.939460873603820801e-01 -3.047931939363479614e-02 9.990617632865905762e-01 3.077482432126998901e-02 -6.233120560646057129e-01 2.736403420567512512e-02 -2.994344197213649750e-02 9.991768002510070801e-01 9.732328796386718750e+01
9.992046952247619629e-01 3.036857210099697113e-02 -2.583053521811962128e-02 -8.692647814750671387e-01 -2.964999713003635406e-02 9.991750717163085938e-01 2.775953523814678192e-02 -5.906727910041809082e-01 2.665217034518718719e-02 -2.697147615253925323e-02 9.992806911468505859e-01 1.000696716308593750e+02
9.991372823715209961e-01 2.993923053145408630e-02 -2.876997366547584534e-02 -9.518096446990966797e-01 -2.907930128276348114e-02 9.991314411163330078e-01 2.985479682683944702e-02 -5.592089891433715820e-01 2.963873557746410370e-02 -2.899233251810073853e-02 9.991399645805358887e-01 1.028628005981445312e+02
9.991033077239990234e-01 3.079698793590068817e-02 -2.904301322996616364e-02 -1.035512685775756836e+00 -2.989509515464305878e-02 9.990727901458740234e-01 3.099045343697071075e-02 -5.247969031333923340e-01 2.997040376067161560e-02 -3.009432740509510040e-02 9.990975260734558105e-01 1.058285522460937500e+02
9.991608262062072754e-01 2.893165498971939087e-02 -2.898151613771915436e-02 -1.116938114166259766e+00 -2.805210277438163757e-02 9.991471767425537109e-01 3.030663542449474335e-02 -4.821212291717529297e-01 2.983354404568672180e-02 -2.946811541914939880e-02 9.991202950477600098e-01 1.087763214111328125e+02
9.991773366928100586e-01 2.910399436950683594e-02 -2.823041193187236786e-02 -1.199576973915100098e+00 -2.821918018162250519e-02 9.991135001182556152e-01 3.124722093343734741e-02 -4.471276402473449707e-01 2.911472320556640625e-02 -3.042477555572986603e-02 9.991128444671630859e-01 1.116616897583007812e+02
9.992724061012268066e-01 2.378111518919467926e-02 -2.980654314160346985e-02 -1.281549334526062012e+00 -2.278471924364566803e-02 9.991847872734069824e-01 3.333099558949470520e-02 -3.950722813606262207e-01 3.057480789721012115e-02 -3.262751549482345581e-02 9.989996552467346191e-01 1.145026016235351562e+02
9.992046952247619629e-01 2.444730326533317566e-02 -3.148917108774185181e-02 -1.373910188674926758e+00 -2.336788177490234375e-02 9.991419911384582520e-01 3.419931977987289429e-02 -3.571672439575195312e-01 3.229815885424613953e-02 -3.343617916107177734e-02 9.989186525344848633e-01 1.173820953369140625e+02
9.993132352828979492e-01 2.298966422677040100e-02 -2.904612757265567780e-02 -1.469844222068786621e+00 -2.191382274031639099e-02 9.990816116333007812e-01 3.682618588209152222e-02 -3.181061148643493652e-01 2.986599504947662354e-02 -3.616427630186080933e-02 9.988992810249328613e-01 1.202674255371093750e+02
9.992728829383850098e-01 2.205589413642883301e-02 -3.108751028776168823e-02 -1.550464272499084473e+00 -2.094961516559123993e-02 9.991514086723327637e-01 3.546980023384094238e-02 -2.728697657585144043e-01 3.184336423873901367e-02 -3.479262813925743103e-02 9.988869428634643555e-01 1.230600357055664062e+02
9.989939928054809570e-01 2.241644822061061859e-02 -3.882882744073867798e-02 -1.657799363136291504e+00 -2.098372764885425568e-02 9.990981817245483398e-01 3.691822662949562073e-02 -2.184228003025054932e-01 3.962130099534988403e-02 -3.606620430946350098e-02 9.985635280609130859e-01 1.260725555419921875e+02
9.989682435989379883e-01 2.397427894175052643e-02 -3.856154903769493103e-02 -1.775045871734619141e+00 -2.256242372095584869e-02 9.990741014480590820e-01 3.663794696331024170e-02 -1.688783764839172363e-01 3.940412774682044983e-02 -3.572999686002731323e-02 9.985842108726501465e-01 1.289506988525390625e+02
9.989103078842163086e-01 2.087301388382911682e-02 -4.173552989959716797e-02 -1.881788492202758789e+00 -1.929783821105957031e-02 9.990994930267333984e-01 3.779253363609313965e-02 -1.123845130205154419e-01 4.248670488595962524e-02 -3.694583103060722351e-02 9.984135627746582031e-01 1.315434265136718750e+02
9.990144968032836914e-01 1.939302682876586914e-02 -3.991565480828285217e-02 -1.994247913360595703e+00 -1.787799783051013947e-02 9.991192817687988281e-01 3.796642273664474487e-02 -5.316761508584022522e-02 4.061669856309890747e-02 -3.721526637673377991e-02 9.984813928604125977e-01 1.343156890869140625e+02
9.989620447158813477e-01 1.730207726359367371e-02 -4.212709516286849976e-02 -2.116760969161987305e+00 -1.571233384311199188e-02 9.991628527641296387e-01 3.777740895748138428e-02 1.014846190810203552e-02 4.274537041783332825e-02 -3.707616776227951050e-02 9.983976483345031738e-01 1.371763763427734375e+02
9.989134073257446289e-01 1.776121929287910461e-02 -4.307934641838073730e-02 -2.228051185607910156e+00 -1.616866141557693481e-02 9.991832971572875977e-01 3.703611344099044800e-02 7.021217048168182373e-02 4.370189085602760315e-02 -3.629922866821289062e-02 9.983847737312316895e-01 1.398597259521484375e+02
9.987694025039672852e-01 1.951942220330238342e-02 -4.558472707867622375e-02 -2.346943616867065430e+00 -1.776234433054924011e-02 9.990957379341125488e-01 3.863511234521865845e-02 1.297131031751632690e-01 4.629754647612571716e-02 -3.777778521180152893e-02 9.982129335403442383e-01 1.425304870605468750e+02
9.986830949783325195e-01 2.082096971571445465e-02 -4.688053578138351440e-02 -2.473210334777832031e+00 -1.897740922868251801e-02 9.990423321723937988e-01 3.942994028329849243e-02 1.844108998775482178e-01 4.765651375055313110e-02 -3.848825395107269287e-02 9.981217980384826660e-01 1.452514343261718750e+02
9.985551834106445312e-01 2.279072441160678864e-02 -4.865566641092300415e-02 -2.593719959259033203e+00 -2.082782611250877380e-02 9.989637136459350586e-01 4.047328233718872070e-02 2.441531717777252197e-01 4.952757433056831360e-02 -3.940131515264511108e-02 9.979950785636901855e-01 1.479615478515625000e+02
9.984667301177978516e-01 2.058591693639755249e-02 -5.137638002634048462e-02 -2.728351116180419922e+00 -1.843203045427799225e-02 9.989457726478576660e-01 4.204905405640602112e-02 3.110090494155883789e-01 5.218774825334548950e-02 -4.103750735521316528e-02 9.977935552597045898e-01 1.506956787109375000e+02
9.986107945442199707e-01 1.835539191961288452e-02 -4.938292130827903748e-02 -2.858015298843383789e+00 -1.626026071608066559e-02 9.989644885063171387e-01 4.249647259712219238e-02 3.830267786979675293e-01 5.011174082756042480e-02 -4.163434728980064392e-02 9.978752732276916504e-01 1.533291320800781250e+02
9.985101222991943359e-01 1.584714651107788086e-02 -5.220504105091094971e-02 -2.999437093734741211e+00 -1.357190962880849838e-02 9.989548325538635254e-01 4.365042597055435181e-02 4.565073549747467041e-01 5.284212529659271240e-02 -4.287678003311157227e-02 9.976817369461059570e-01 1.561205291748046875e+02
9.985626935958862305e-01 1.376492809504270554e-02 -5.178941413760185242e-02 -3.144704580307006836e+00 -1.157857291400432587e-02 9.990389347076416016e-01 4.227988794445991516e-02 5.269647836685180664e-01 5.232151225209236145e-02 -4.161938279867172241e-02 9.977624416351318359e-01 1.589249114990234375e+02
9.987822771072387695e-01 1.069141738116741180e-02 -4.815227165818214417e-02 -3.280539035797119141e+00 -8.700314909219741821e-03 9.991062283515930176e-01 4.136914014816284180e-02 6.000828742980957031e-01 4.855142906308174133e-02 -4.089971631765365601e-02 9.979826807975769043e-01 1.617054138183593750e+02
9.984525442123413086e-01 9.073731489479541779e-03 -5.485465377569198608e-02 -3.427659511566162109e+00 -6.785093806684017181e-03 9.991046786308288574e-01 4.176289588212966919e-02 6.680019497871398926e-01 5.518438294529914856e-02 -4.132597148418426514e-02 9.976203441619873047e-01 1.645740966796875000e+02
9.986529350280761719e-01 9.488143958151340485e-03 -5.100073292851448059e-02 -3.586978197097778320e+00 -7.434501312673091888e-03 9.991599917411804199e-01 4.030464962124824524e-02 7.332255244255065918e-01 5.134020373225212097e-02 -3.987108916044235229e-02 9.978847503662109375e-01 1.675873260498046875e+02
9.982520341873168945e-01 7.626808248460292816e-03 -5.859616771340370178e-02 -3.746020793914794922e+00 -5.055652465671300888e-03 9.990232586860656738e-01 4.390076920390129089e-02 7.983325123786926270e-01 5.887366086244583130e-02 -4.352768883109092712e-02 9.973157644271850586e-01 1.704458465576171875e+02
9.983165264129638672e-01 8.716658689081668854e-03 -5.733127892017364502e-02 -3.905070066452026367e+00 -6.200650241225957870e-03 9.990161657333374023e-01 4.391575232148170471e-02 8.673900961875915527e-01 5.765756964683532715e-02 -4.348620027303695679e-02 9.973886609077453613e-01 1.732940063476562500e+02
9.984821081161499023e-01 8.567010983824729919e-03 -5.439468100666999817e-02 -4.070178508758544922e+00 -6.094121374189853668e-03 9.989475607872009277e-01 4.546393081545829773e-02 9.406896829605102539e-01 5.472682043910026550e-02 -4.506330192089080811e-02 9.974837303161621094e-01 1.762670745849609375e+02
9.985001087188720703e-01 8.846716023981571198e-03 -5.401951447129249573e-02 -4.228371620178222656e+00 -6.353192497044801712e-03 9.989146590232849121e-01 4.615145921707153320e-02 1.016829133033752441e+00 5.436886847019195557e-02 -4.573880136013031006e-02 9.974728226661682129e-01 1.791337585449218750e+02
9.982077479362487793e-01 1.005581673234701157e-02 -5.898266658186912537e-02 -4.388320922851562500e+00 -7.251371163874864578e-03 9.988422989845275879e-01 4.756372049450874329e-02 1.092787027359008789e+00 5.939236655831336975e-02 -4.705053195357322693e-02 9.971253275871276855e-01 1.819035034179687500e+02
9.982531070709228516e-01 1.239573303610086441e-02 -5.775626003742218018e-02 -4.554406166076660156e+00 -9.515391662716865540e-03 9.987105727195739746e-01 4.987517744302749634e-02 1.176492810249328613e+00 5.829969421029090881e-02 -4.923823103308677673e-02 9.970842003822326660e-01 1.847312622070312500e+02
9.981176853179931641e-01 1.392603013664484024e-02 -5.971472710371017456e-02 -4.718089103698730469e+00 -1.077121309936046600e-02 9.985460638999938965e-01 5.282596126198768616e-02 1.261760234832763672e+00 6.036321818828582764e-02 -5.208308994770050049e-02 9.968168139457702637e-01 1.874956512451171875e+02
9.979268312454223633e-01 1.842573098838329315e-02 -6.165408343076705933e-02 -4.891384601593017578e+00 -1.524580549448728561e-02 9.985492825508117676e-01 5.165013298392295837e-02 1.366112470626831055e+00 6.251599639654159546e-02 -5.060286074876785278e-02 9.967603683471679688e-01 1.904040527343750000e+02
9.976649880409240723e-01 1.581046730279922485e-02 -6.643326580524444580e-02 -5.070073604583740234e+00 -1.246242318302392960e-02 9.986463189125061035e-01 5.050747469067573547e-02 1.458846330642700195e+00 6.714154779911041260e-02 -4.956137016415596008e-02 9.965118765830993652e-01 1.931902465820312500e+02
9.973354935646057129e-01 1.598636619746685028e-02 -7.116860896348953247e-02 -5.269775867462158203e+00 -1.223819237202405930e-02 9.985310435295104980e-01 5.278889834880828857e-02 1.549156069755554199e+00 7.190763950347900391e-02 -5.177702009677886963e-02 9.960665702819824219e-01 1.961129455566406250e+02
9.975488185882568359e-01 1.777584850788116455e-02 -6.766733527183532715e-02 -5.463990688323974609e+00 -1.415723841637372971e-02 9.984635710716247559e-01 5.358000099658966064e-02 1.654479861259460449e+00 6.851546466350555420e-02 -5.249045416712760925e-02 9.962682723999023438e-01 1.989915771484375000e+02
9.974094629287719727e-01 2.018553949892520905e-02 -6.903138756752014160e-02 -5.662794589996337891e+00 -1.640357635915279388e-02 9.983565807342529297e-01 5.491568520665168762e-02 1.759256601333618164e+00 7.002610713243484497e-02 -5.364084988832473755e-02 9.961019158363342285e-01 2.018979034423828125e+02
9.971234798431396484e-01 2.224878221750259399e-02 -7.244414091110229492e-02 -5.867454528808593750e+00 -1.834830828011035919e-02 9.983692169189453125e-01 5.406351387500762939e-02 1.864247083663940430e+00 7.352851331233978271e-02 -5.257857590913772583e-02 9.959061145782470703e-01 2.048782653808593750e+02
9.970773458480834961e-01 2.113517187535762787e-02 -7.340557873249053955e-02 -6.071012020111083984e+00 -1.715264283120632172e-02 9.983687996864318848e-01 5.446185171604156494e-02 1.966003894805908203e+00 7.443656772375106812e-02 -5.304337665438652039e-02 9.958140254020690918e-01 2.076856231689453125e+02
9.971449971199035645e-01 2.197556011378765106e-02 -7.223103940486907959e-02 -6.281930923461914062e+00 -1.812860369682312012e-02 9.984043240547180176e-01 5.348473414778709412e-02 2.071969747543334961e+00 7.329080998897552490e-02 -5.202239006757736206e-02 9.959528446197509766e-01 2.106849975585937500e+02
9.969527125358581543e-01 2.320196852087974548e-02 -7.446711510419845581e-02 -6.476595401763916016e+00 -1.938497275114059448e-02 9.984813332557678223e-01 5.157263576984405518e-02 2.174117326736450195e+00 7.555027306079864502e-02 -4.997172206640243530e-02 9.958889484405517578e-01 2.133674774169921875e+02
9.966974258422851562e-01 2.579395100474357605e-02 -7.698885351419448853e-02 -6.709238052368164062e+00 -2.189581096172332764e-02 9.984562397003173828e-01 5.104994401335716248e-02 2.280006408691406250e+00 7.818643748760223389e-02 -4.919537156820297241e-02 9.957240819931030273e-01 2.164758758544921875e+02
9.965523481369018555e-01 2.798522263765335083e-02 -7.809279859066009521e-02 -6.925347328186035156e+00 -2.365447022020816803e-02 9.981598258018493652e-01 5.583661049604415894e-02 2.372061252593994141e+00 7.951137423515319824e-02 -5.379662290215492249e-02 9.953811168670654297e-01 2.192018432617187500e+02
9.964894056320190430e-01 2.668060921132564545e-02 -7.934201508760452271e-02 -7.150999069213867188e+00 -2.217208035290241241e-02 9.981185197830200195e-01 5.716763064265251160e-02 2.476409673690795898e+00 8.071766793727874756e-02 -5.520752444863319397e-02 9.952067732810974121e-01 2.219512939453125000e+02
9.964577555656433105e-01 2.467967383563518524e-02 -8.037947863340377808e-02 -7.387023925781250000e+00 -1.995943859219551086e-02 9.980583786964416504e-01 5.900305137038230896e-02 2.595045089721679688e+00 8.167923241853713989e-02 -5.718950554728507996e-02 9.950163364410400391e-01 2.249353027343750000e+02
9.962023496627807617e-01 2.068254724144935608e-02 -8.456400781869888306e-02 -7.610538959503173828e+00 -1.568465679883956909e-02 9.981147050857543945e-01 5.934052914381027222e-02 2.702143907546997070e+00 8.563154190778732300e-02 -5.778863281011581421e-02 9.946493506431579590e-01 2.276394500732421875e+02
9.955445528030395508e-01 1.988705061376094818e-02 -9.216003119945526123e-02 -7.859543323516845703e+00 -1.474317349493503571e-02 9.983130693435668945e-01 5.615902692079544067e-02 2.817394256591796875e+00 9.312105923891067505e-02 -5.454989150166511536e-02 9.941591620445251465e-01 2.303591766357421875e+02
9.953337311744689941e-01 2.051752991974353790e-02 -9.427450597286224365e-02 -8.127818107604980469e+00 -1.521002035588026047e-02 9.982770085334777832e-01 5.667211860418319702e-02 2.933982133865356445e+00 9.527450054883956909e-02 -5.497356876730918884e-02 9.939317703247070312e-01 2.331933898925781250e+02
9.950834512710571289e-01 2.160941250622272491e-02 -9.664279967546463013e-02 -8.415831565856933594e+00 -1.581010594964027405e-02 9.980508089065551758e-01 6.037216633558273315e-02 3.048377037048339844e+00 9.775868058204650879e-02 -5.854723230004310608e-02 9.934864044189453125e-01 2.361772918701171875e+02
9.947521686553955078e-01 2.367242053151130676e-02 -9.952735155820846558e-02 -8.682696342468261719e+00 -1.772559434175491333e-02 9.980282783508300781e-01 6.021246314048767090e-02 3.163824558258056641e+00 1.007561311125755310e-01 -5.813214182853698730e-02 9.932112693786621094e-01 2.388686370849609375e+02
9.946794509887695312e-01 2.232223749160766602e-02 -1.005606055259704590e-01 -8.985607147216796875e+00 -1.636178046464920044e-02 9.980818629264831543e-01 5.970828235149383545e-02 3.292110919952392578e+00 1.017001718282699585e-01 -5.774507671594619751e-02 9.931376576423645020e-01 2.418482513427734375e+02
9.950129985809326172e-01 1.959294453263282776e-02 -9.779178351163864136e-02 -9.275329589843750000e+00 -1.354904100298881531e-02 9.979789257049560547e-01 6.208593398332595825e-02 3.415630817413330078e+00 9.881020337343215942e-02 -6.045113876461982727e-02 9.932683706283569336e-01 2.447794036865234375e+02
9.951165914535522461e-01 2.274098992347717285e-02 -9.604031592607498169e-02 -9.545839309692382812e+00 -1.681158132851123810e-02 9.979284405708312988e-01 6.209910288453102112e-02 3.547066211700439453e+00 9.725316613912582397e-02 -6.018108129501342773e-02 9.934384226799011230e-01 2.476103363037109375e+02
9.951511621475219727e-01 2.132385224103927612e-02 -9.600742906332015991e-02 -9.807201385498046875e+00 -1.548655796796083450e-02 9.980092644691467285e-01 6.113649159669876099e-02 3.667142629623413086e+00 9.711959213018417358e-02 -5.935304611921310425e-02 9.935013055801391602e-01 2.503536529541015625e+02
9.945792555809020996e-01 2.212160453200340271e-02 -1.015901267528533936e-01 -1.006855106353759766e+01 -1.584726199507713318e-02 9.979406595230102539e-01 6.215470284223556519e-02 3.776826381683349609e+00 1.027555093169212341e-01 -6.020767241716384888e-02 9.928827285766601562e-01 2.529394226074218750e+02
9.947004914283752441e-01 2.565982006490230560e-02 -9.955111891031265259e-02 -1.035346508026123047e+01 -1.940454542636871338e-02 9.978058934211730957e-01 6.329838186502456665e-02 3.905045032501220703e+00 1.009565442800521851e-01 -6.103099510073661804e-02 9.930169582366943359e-01 2.557362976074218750e+02
9.947450160980224609e-01 2.351013571023941040e-02 -9.963724762201309204e-02 -1.064122390747070312e+01 -1.717677712440490723e-02 9.978052973747253418e-01 6.394840776920318604e-02 4.046763420104980469e+00 1.009216532111167908e-01 -6.190072372555732727e-02 9.929666519165039062e-01 2.586244812011718750e+02
9.949047565460205078e-01 2.594278752803802490e-02 -9.741341322660446167e-02 -1.090982818603515625e+01 -1.959383301436901093e-02 9.976553320884704590e-01 6.557178497314453125e-02 4.177886486053466797e+00 9.888575971126556396e-02 -6.332878023386001587e-02 9.930813908576965332e-01 2.613436279296875000e+02
9.943943619728088379e-01 2.455590665340423584e-02 -1.028340458869934082e-01 -1.119604969024658203e+01 -1.777554303407669067e-02 9.976388216018676758e-01 6.633642315864562988e-02 4.326956748962402344e+00 1.042198389768600464e-01 -6.413642317056655884e-02 9.924839735031127930e-01 2.641771545410156250e+02
9.947677254676818848e-01 2.401665039360523224e-02 -9.928908944129943848e-02 -1.147060298919677734e+01 -1.743900403380393982e-02 9.976279139518737793e-01 6.658883392810821533e-02 4.459021568298339844e+00 1.006524562835693359e-01 -6.450870633125305176e-02 9.928280115127563477e-01 2.668444213867187500e+02
9.947257637977600098e-01 2.276962250471115112e-02 -1.000003218650817871e-01 -1.175425243377685547e+01 -1.583221182227134705e-02 9.974474310874938965e-01 6.962382048368453979e-02 4.598481655120849609e+00 1.013300120830535889e-01 -6.767317652702331543e-02 9.925483465194702148e-01 2.696109008789062500e+02
9.942714571952819824e-01 2.336157113313674927e-02 -1.042898893356323242e-01 -1.201951503753662109e+01 -1.618821360170841217e-02 9.974778890609741211e-01 6.910341978073120117e-02 4.736554622650146484e+00 1.056408658623695374e-01 -6.701908260583877563e-02 9.921431541442871094e-01 2.721980895996093750e+02
9.938326478004455566e-01 2.093374356627464294e-02 -1.088863462209701538e-01 -1.230863857269287109e+01 -1.339580211788415909e-02 9.974917173385620117e-01 6.950064748525619507e-02 4.874722480773925781e+00 1.100677922368049622e-01 -6.761316955089569092e-02 9.916214346885681152e-01 2.748282775878906250e+02
9.936808943748474121e-01 1.957075297832489014e-02 -1.105122044682502747e-01 -1.260949707031250000e+01 -1.178581267595291138e-02 9.974305629730224609e-01 7.065958529710769653e-02 5.008412361145019531e+00 1.116107702255249023e-01 -6.891039758920669556e-02 9.913595914840698242e-01 2.775987548828125000e+02
9.930240511894226074e-01 1.873144134879112244e-02 -1.164042949676513672e-01 -1.292596340179443359e+01 -1.033121719956398010e-02 9.973255395889282227e-01 7.234954833984375000e-02 5.157428741455078125e+00 1.174478456377983093e-01 -7.064204663038253784e-02 9.905630350112915039e-01 2.803009033203125000e+02
9.927791357040405273e-01 2.234502509236335754e-02 -1.178462430834770203e-01 -1.325075149536132812e+01 -1.386829745024442673e-02 9.972888827323913574e-01 7.226272672414779663e-02 5.317474842071533203e+00 1.191411167383193970e-01 -7.010640203952789307e-02 9.903988242149353027e-01 2.830446777343750000e+02
9.927061200141906738e-01 1.933648437261581421e-02 -1.189885213971138000e-01 -1.356292343139648438e+01 -1.070502679795026779e-02 9.972921609878540039e-01 7.275310903787612915e-02 5.466108322143554688e+00 1.200727745890617371e-01 -7.094846665859222412e-02 9.902263283729553223e-01 2.856773071289062500e+02
9.928252100944519043e-01 1.822573877871036530e-02 -1.181671395897865295e-01 -1.388361167907714844e+01 -9.545513428747653961e-03 9.972411990165710449e-01 7.360782474279403687e-02 5.623649120330810547e+00 1.191823780536651611e-01 -7.195153832435607910e-02 9.902614951133728027e-01 2.884035644531250000e+02
9.929000139236450195e-01 1.745248958468437195e-02 -1.176541745662689209e-01 -1.421451091766357422e+01 -8.758944459259510040e-03 9.972191452980041504e-01 7.400321960449218750e-02 5.776747703552246094e+00 1.186182200908660889e-01 -7.244709134101867676e-02 9.902931451797485352e-01 2.911346435546875000e+02
9.932249188423156738e-01 1.539514400064945221e-02 -1.151731684803962708e-01 -1.455012893676757812e+01 -6.761100608855485916e-03 9.971617460250854492e-01 7.498040795326232910e-02 5.933538436889648438e+00 1.160002946853637695e-01 -7.369355112314224243e-02 9.905112981796264648e-01 2.939967346191406250e+02
9.927903413772583008e-01 1.934894733130931854e-02 -1.182823404669761658e-01 -1.486623954772949219e+01 -1.077047921717166901e-02 9.972927570343017578e-01 7.273533940315246582e-02 6.093031406402587891e+00 1.193691790103912354e-01 -7.093682885169982910e-02 9.903122782707214355e-01 2.966460266113281250e+02
9.929330348968505859e-01 2.159620448946952820e-02 -1.166838705539703369e-01 -1.519485855102539062e+01 -1.301395613700151443e-02 9.971866607666015625e-01 7.381512224674224854e-02 6.245794773101806641e+00 1.179494410753250122e-01 -7.177484035491943359e-02 9.904219508171081543e-01 2.993757629394531250e+02
9.928109645843505859e-01 2.215946465730667114e-02 -1.176131740212440491e-01 -1.551481914520263672e+01 -1.343316026031970978e-02 9.971323013305664062e-01 7.447213679552078247e-02 6.406672954559326172e+00 1.189258694648742676e-01 -7.235673069953918457e-02 9.902628064155578613e-01 3.020925598144531250e+02
9.930615425109863281e-01 2.444048412144184113e-02 -1.150171011686325073e-01 -1.584032440185546875e+01 -1.563447341322898865e-02 9.969199299812316895e-01 7.684755325317382812e-02 6.571121692657470703e+00 1.165407449007034302e-01 -7.451602071523666382e-02 9.903862476348876953e-01 3.048884277343750000e+02
9.929705858230590820e-01 2.613794431090354919e-02 -1.154286041855812073e-01 -1.618314743041992188e+01 -1.734888739883899689e-02 9.969184398651123047e-01 7.649781554937362671e-02 6.752116203308105469e+00 1.170721203088760376e-01 -7.395742088556289673e-02 9.903654456138610840e-01 3.078529968261718750e+02
9.925968647003173828e-01 2.610954083502292633e-02 -1.186058074235916138e-01 -1.651485061645507812e+01 -1.698679290711879730e-02 9.968640804290771484e-01 7.728282362222671509e-02 6.916548728942871094e+00 1.202514246106147766e-01 -7.469585537910461426e-02 9.899289608001708984e-01 3.106956481933593750e+02
9.925506711006164551e-01 2.578387968242168427e-02 -1.190625205636024475e-01 -1.685194015502929688e+01 -1.635631173849105835e-02 9.967012405395507812e-01 7.948698848485946655e-02 7.087488174438476562e+00 1.207189857959747314e-01 -7.694734632968902588e-02 9.896995425224304199e-01 3.134866333007812500e+02
9.918765425682067871e-01 2.309348620474338531e-02 -1.250807046890258789e-01 -1.719082260131835938e+01 -1.318342518061399460e-02 9.967486858367919922e-01 7.948174327611923218e-02 7.257130146026611328e+00 1.265092939138412476e-01 -7.718700170516967773e-02 9.889573454856872559e-01 3.162361450195312500e+02
9.912924766540527344e-01 2.435525879263877869e-02 -1.293969601392745972e-01 -1.752840995788574219e+01 -1.418303325772285461e-02 9.967767000198364258e-01 7.895684987306594849e-02 7.414650917053222656e+00 1.309026628732681274e-01 -7.643401622772216797e-02 9.884439110755920410e-01 3.188265075683593750e+02
9.908894300460815430e-01 2.515047043561935425e-02 -1.322995275259017944e-01 -1.789960479736328125e+01 -1.483077928423881531e-02 9.968101382255554199e-01 7.841406017541885376e-02 7.579981327056884766e+00 1.338494271039962769e-01 -7.573747634887695312e-02 9.881028532981872559e-01 3.216473999023437500e+02
9.905825257301330566e-01 2.709852717816829681e-02 -1.341999769210815430e-01 -1.826419448852539062e+01 -1.635002903640270233e-02 9.966157078742980957e-01 8.055388927459716797e-02 7.748088359832763672e+00 1.359284669160842896e-01 -7.760101556777954102e-02 9.876743555068969727e-01 3.243710937500000000e+02
9.899083375930786133e-01 2.801589667797088623e-02 -1.389039605855941772e-01 -1.863683319091796875e+01 -1.669313386082649231e-02 9.964906573295593262e-01 8.201695978641510010e-02 7.916811943054199219e+00 1.407140493392944336e-01 -7.887044548988342285e-02 9.869033694267272949e-01 3.270647583007812500e+02
9.893900752067565918e-01 3.015812486410140991e-02 -1.421107649803161621e-01 -1.903058624267578125e+01 -1.847353391349315643e-02 9.963918328285217285e-01 8.283217996358871460e-02 8.103236198425292969e+00 1.440958529710769653e-01 -7.932794839143753052e-02 9.863786101341247559e-01 3.298052368164062500e+02
9.891940951347351074e-01 3.043457306921482086e-02 -1.434102952480316162e-01 -1.942312240600585938e+01 -1.872533559799194336e-02 9.964312314987182617e-01 8.229915052652359009e-02 8.289438247680664062e+00 1.454030275344848633e-01 -7.872430980205535889e-02 9.862350821495056152e-01 3.325429687500000000e+02
9.883677363395690918e-01 3.133474290370941162e-02 -1.488123983144760132e-01 -1.984829139709472656e+01 -1.923646777868270874e-02 9.964420199394226074e-01 8.205047249794006348e-02 8.476272583007812500e+00 1.508537530899047852e-01 -7.823330163955688477e-02 9.854551553726196289e-01 3.353912963867187500e+02
9.881938099861145020e-01 3.219367936253547668e-02 -1.497809886932373047e-01 -2.024596214294433594e+01 -2.011036686599254608e-02 9.964702725410461426e-01 8.149681240320205688e-02 8.651559829711914062e+00 1.518757790327072144e-01 -7.752240449190139771e-02 9.853543639183044434e-01 3.380100402832031250e+02
9.885290861129760742e-01 3.389383107423782349e-02 -1.471709311008453369e-01 -2.065534591674804688e+01 -2.180301398038864136e-02 9.963104724884033203e-01 8.300159871578216553e-02 8.822088241577148438e+00 1.494409590959548950e-01 -7.884062081575393677e-02 9.856219887733459473e-01 3.407561645507812500e+02
9.879395365715026855e-01 3.766711801290512085e-02 -1.501816958189010620e-01 -2.104026031494140625e+01 -2.523582614958286285e-02 9.961595535278320312e-01 8.383544534444808960e-02 8.991700172424316406e+00 1.527625471353530884e-01 -7.903429865837097168e-02 9.850971102714538574e-01 3.433260803222656250e+02
9.874768257141113281e-01 3.856908157467842102e-02 -1.529698818922042847e-01 -2.148442459106445312e+01 -2.558534778654575348e-02 9.959701299667358398e-01 8.595336228609085083e-02 9.181414604187011719e+00 1.556683480739593506e-01 -8.096308261156082153e-02 9.844853878021240234e-01 3.461804809570312500e+02
9.874425530433654785e-01 3.834309056401252747e-02 -1.532474756240844727e-01 -2.192305183410644531e+01 -2.505454421043395996e-02 9.958296418190002441e-01 8.771971613168716431e-02 9.371167182922363281e+00 1.559716016054153442e-01 -8.277855813503265381e-02 9.842863678932189941e-01 3.489988098144531250e+02
9.873354434967041016e-01 3.910910338163375854e-02 -1.537431925535202026e-01 -2.237167549133300781e+01 -2.536514587700366974e-02 9.955856800079345703e-01 9.035919606685638428e-02 9.582067489624023438e+00 1.565981954336166382e-01 -8.531503379344940186e-02 9.839702248573303223e-01 3.518372802734375000e+02
9.880540966987609863e-01 3.869697079062461853e-02 -1.491619050502777100e-01 -2.279047012329101562e+01 -2.503710426390171051e-02 9.954077005386352539e-01 9.238839149475097656e-02 9.777374267578125000e+00 1.520518511533737183e-01 -8.755006641149520874e-02 9.844867587089538574e-01 3.545683898925781250e+02
9.873223900794982910e-01 4.108353331685066223e-02 -1.533107459545135498e-01 -2.322785186767578125e+01 -2.670155465602874756e-02 9.951457977294921875e-01 9.471384435892105103e-02 9.988809585571289062e+00 1.564575284719467163e-01 -8.941940218210220337e-02 9.836280345916748047e-01 3.574353027343750000e+02
9.860239624977111816e-01 4.195366799831390381e-02 -1.612273752689361572e-01 -2.365890312194824219e+01 -2.661045268177986145e-02 9.950085282325744629e-01 9.617044031620025635e-02 1.019538879394531250e+01 1.644571274518966675e-01 -9.053596109151840210e-02 9.822199344635009766e-01 3.600720214843750000e+02
9.860566258430480957e-01 4.279487952589988708e-02 -1.608058810234069824e-01 -2.408322334289550781e+01 -2.702502533793449402e-02 9.947195053100585938e-01 9.900309890508651733e-02 1.040038585662841797e+01 1.641933768987655640e-01 -9.327681362628936768e-02 9.820075631141662598e-01 3.626790161132812500e+02
9.861733317375183105e-01 4.409704357385635376e-02 -1.597348749637603760e-01 -2.450636291503906250e+01 -2.818819880485534668e-02 9.945346117019653320e-01 1.005239784717559814e-01 1.060808086395263672e+01 1.632945239543914795e-01 -9.463138133287429810e-02 9.820278882980346680e-01 3.652398071289062500e+02
9.864543080329895020e-01 4.420693218708038330e-02 -1.579599231481552124e-01 -2.494694137573242188e+01 -2.833748608827590942e-02 9.944477081298828125e-01 1.013385355472564697e-01 1.083490085601806641e+01 1.615625768899917603e-01 -9.548959881067276001e-02 9.822313189506530762e-01 3.679836425781250000e+02
9.859623312950134277e-01 4.369783028960227966e-02 -1.611411124467849731e-01 -2.541909599304199219e+01 -2.735618688166141510e-02 9.943799972534179688e-01 1.022685021162033081e-01 1.108385372161865234e+01 1.647042334079742432e-01 -9.642462432384490967e-02 9.816180467605590820e-01 3.709090881347656250e+02
9.855247139930725098e-01 4.410829022526741028e-02 -1.636862605810165405e-01 -2.586821365356445312e+01 -2.785107493400573730e-02 9.945651292800903320e-01 1.003154218196868896e-01 1.132310199737548828e+01 1.672212183475494385e-01 -9.430441260337829590e-02 9.813984632492065430e-01 3.736486511230468750e+02
9.856233596801757812e-01 4.579884558916091919e-02 -1.626243442296981812e-01 -2.634442710876464844e+01 -2.919860370457172394e-02 9.942482709884643555e-01 1.030362471938133240e-01 1.156829547882080078e+01 1.664077490568161011e-01 -9.680646657943725586e-02 9.812930822372436523e-01 3.764939575195312500e+02
9.850392341613769531e-01 4.621870070695877075e-02 -1.660093069076538086e-01 -2.682091331481933594e+01 -2.936152555048465729e-02 9.942888021469116211e-01 1.025971919298171997e-01 1.182609748840332031e+01 1.698029339313507080e-01 -9.618791937828063965e-02 9.807721376419067383e-01 3.793365478515625000e+02
9.851781725883483887e-01 4.894427210092544556e-02 -1.643958836793899536e-01 -2.726796722412109375e+01 -3.183847665786743164e-02 9.939490556716918945e-01 1.051191315054893494e-01 1.205282688140869141e+01 1.685459464788436890e-01 -9.832690656185150146e-02 9.807768464088439941e-01 3.820085754394531250e+02
9.849195480346679688e-01 4.918069019913673401e-02 -1.658682823181152344e-01 -2.775908851623535156e+01 -3.206515684723854065e-02 9.940250515937805176e-01 1.043288633227348328e-01 1.232311153411865234e+01 1.700080335140228271e-01 -9.743689000606536865e-02 9.806132316589355469e-01 3.849456481933593750e+02
9.847401380538940430e-01 4.980920255184173584e-02 -1.667436808347702026e-01 -2.826563262939453125e+01 -3.235233575105667114e-02 9.938584566116333008e-01 1.058167219161987305e-01 1.257552337646484375e+01 1.709900945425033569e-01 -9.880737960338592529e-02 9.803053140640258789e-01 3.879163818359375000e+02
9.837303161621093750e-01 5.511745437979698181e-02 -1.709804236888885498e-01 -2.876949691772460938e+01 -3.718266263604164124e-02 9.936297535896301270e-01 1.063761934638023376e-01 1.283561420440673828e+01 1.757542490959167480e-01 -9.828794747591018677e-02 9.795146584510803223e-01 3.908122863769531250e+02
9.835187792778015137e-01 5.598567053675651550e-02 -1.719126850366592407e-01 -2.930956649780273438e+01 -3.770301863551139832e-02 9.934535622596740723e-01 1.078289523720741272e-01 1.311758995056152344e+01 1.768239885568618774e-01 -9.957015514373779297e-02 9.791926145553588867e-01 3.938755493164062500e+02
9.835319519042968750e-01 5.632366612553596497e-02 -1.717271953821182251e-01 -2.982801055908203125e+01 -3.791789337992668152e-02 9.933578968048095703e-01 1.086351722478866577e-01 1.339197731018066406e+01 1.767048388719558716e-01 -1.003345623612403870e-01 9.791364073753356934e-01 3.968650817871093750e+02
9.827463030815124512e-01 5.908363312482833862e-02 -1.752615272998809814e-01 -3.034004020690917969e+01 -3.965813294053077698e-02 9.928780794143676758e-01 1.123375892639160156e-01 1.366261386871337891e+01 1.806501746177673340e-01 -1.034487336874008179e-01 9.780918359756469727e-01 3.997608032226562500e+02
9.825457334518432617e-01 5.831995233893394470e-02 -1.766364872455596924e-01 -3.089341735839843750e+01 -3.863352164626121521e-02 9.928538203239440918e-01 1.129069179296493530e-01 1.395979213714599609e+01 1.819584816694259644e-01 -1.041120588779449463e-01 9.777788519859313965e-01 4.028525085449218750e+02
9.818273782730102539e-01 6.131135299801826477e-02 -1.795934140682220459e-01 -3.140966415405273438e+01 -4.161222651600837708e-02 9.928957819938659668e-01 1.114699393510818481e-01 1.423249244689941406e+01 1.851514726877212524e-01 -1.019708812236785889e-01 9.774050116539001465e-01 4.056636352539062500e+02
9.817644357681274414e-01 6.138458475470542908e-02 -1.799122691154479980e-01 -3.192378425598144531e+01 -4.146353527903556824e-02 9.927896261215209961e-01 1.124662011861801147e-01 1.450059127807617188e+01 1.855182796716690063e-01 -1.029554456472396851e-01 9.772321581840515137e-01 4.084242858886718750e+02
9.817355871200561523e-01 6.280738860368728638e-02 -1.795779764652252197e-01 -3.241767883300781250e+01 -4.309040680527687073e-02 9.928111433982849121e-01 1.116617470979690552e-01 1.477168083190917969e+01 1.852997392416000366e-01 -1.018841639161109924e-01 9.773858785629272461e-01 4.111417541503906250e+02
9.821552634239196777e-01 6.063129380345344543e-02 -1.780245304107666016e-01 -3.293738555908203125e+01 -4.067992046475410461e-02 9.926866888999938965e-01 1.136549785733222961e-01 1.504164695739746094e+01 1.836131662130355835e-01 -1.043847575783729553e-01 9.774402976036071777e-01 4.139711608886718750e+02
9.824103713035583496e-01 6.243345886468887329e-02 -1.759822666645050049e-01 -3.345477676391601562e+01 -4.264204576611518860e-02 9.925554990768432617e-01 1.140806898474693298e-01 1.532119655609130859e+01 1.817941367626190186e-01 -1.045697629451751709e-01 9.777604937553405762e-01 4.168135681152343750e+02
9.816118478775024414e-01 6.218506395816802979e-02 -1.804687082767486572e-01 -3.396552276611328125e+01 -4.187972471117973328e-02 9.925720095634460449e-01 1.142193153500556946e-01 1.559251880645751953e+01 1.862304657697677612e-01 -1.045610159635543823e-01 9.769261479377746582e-01 4.196283264160156250e+02
9.814938902854919434e-01 6.051030382513999939e-02 -1.816752254962921143e-01 -3.450331878662109375e+01 -3.961790353059768677e-02 9.923997521400451660e-01 1.164999902248382568e-01 1.587959861755371094e+01 1.873434334993362427e-01 -1.071464195847511292e-01 9.764330387115478516e-01 4.225065917968750000e+02
9.805923104286193848e-01 5.774863809347152710e-02 -1.873538941144943237e-01 -3.505429077148437500e+01 -3.656253218650817871e-02 9.927352070808410645e-01 1.146260946989059448e-01 1.617662429809570312e+01 1.926118433475494385e-01 -1.055513024330139160e-01 9.755813479423522949e-01 4.254253234863281250e+02
9.810828566551208496e-01 5.803252756595611572e-02 -1.846789121627807617e-01 -3.558530426025390625e+01 -3.719850629568099976e-02 9.927446246147155762e-01 1.143397763371467590e-01 1.645664405822753906e+01 1.899739354848861694e-01 -1.053069829940795898e-01 9.761248826980590820e-01 4.282312316894531250e+02
9.804762601852416992e-01 5.899477005004882812e-02 -1.875732839107513428e-01 -3.611268615722656250e+01 -3.816694766283035278e-02 9.928872585296630859e-01 1.127710789442062378e-01 1.672697448730468750e+01 1.928915679454803467e-01 -1.034102216362953186e-01 9.757553935050964355e-01 4.309941406250000000e+02
9.802978634834289551e-01 5.579725280404090881e-02 -1.894744187593460083e-01 -3.666525268554687500e+01 -3.495723009109497070e-02 9.931377172470092773e-01 1.115999296307563782e-01 1.700448036193847656e+01 1.944007128477096558e-01 -1.027776226401329041e-01 9.755226969718933105e-01 4.338389892578125000e+02
9.801990389823913574e-01 5.856887623667716980e-02 -1.891487240791320801e-01 -3.720260238647460938e+01 -3.812520951032638550e-02 9.932034015655517578e-01 1.099662929773330688e-01 1.727041816711425781e+01 1.943032890558242798e-01 -1.005774736404418945e-01 9.757714271545410156e-01 4.366346435546875000e+02
9.800638556480407715e-01 5.660504847764968872e-02 -1.904425472021102905e-01 -3.774040222167968750e+01 -3.594391793012619019e-02 9.932538270950317383e-01 1.102448403835296631e-01 1.753085708618164062e+01 1.953977346420288086e-01 -1.012017130851745605e-01 9.754882454872131348e-01 4.393722839355468750e+02
9.797695279121398926e-01 5.976574122905731201e-02 -1.909903585910797119e-01 -3.831512451171875000e+01 -3.921972215175628662e-02 9.932011961936950684e-01 1.096002086997032166e-01 1.781036758422851562e+01 1.962417215108871460e-01 -9.989232569932937622e-02 9.754537940025329590e-01 4.423135986328125000e+02
9.801792502403259277e-01 5.906092748045921326e-02 -1.890977621078491211e-01 -3.888847732543945312e+01 -3.830293193459510803e-02 9.930137395858764648e-01 1.116040274500846863e-01 1.808592414855957031e+01 1.943676471710205078e-01 -1.021489202976226807e-01 9.755953550338745117e-01 4.452557678222656250e+02
9.807330965995788574e-01 5.729168280959129333e-02 -1.867559105157852173e-01 -3.944501495361328125e+01 -3.675284236669540405e-02 9.930683374404907227e-01 1.116394475102424622e-01 1.836145973205566406e+01 1.918569207191467285e-01 -1.026246473193168640e-01 9.760422706604003906e-01 4.481098937988281250e+02
9.797753095626831055e-01 5.933795124292373657e-02 -1.910935789346694946e-01 -3.995417404174804688e+01 -3.854330256581306458e-02 9.930997490882873535e-01 1.107531413435935974e-01 1.861844444274902344e+01 1.963463574647903442e-01 -1.011477857828140259e-01 9.753033518791198730e-01 4.507592468261718750e+02
9.799081087112426758e-01 6.276280432939529419e-02 -1.893103569746017456e-01 -4.052233505249023438e+01 -4.183904826641082764e-02 9.927626252174377441e-01 1.125645264983177185e-01 1.889055061340332031e+01 1.950045973062515259e-01 -1.023822799324989319e-01 9.754437208175659180e-01 4.536508789062500000e+02
9.795371890068054199e-01 6.580478698015213013e-02 -1.901945769786834717e-01 -4.109096908569335938e+01 -4.433031752705574036e-02 9.923712015151977539e-01 1.150351539254188538e-01 1.916873359680175781e+01 1.963129788637161255e-01 -1.042497828602790833e-01 9.749833345413208008e-01 4.565449829101562500e+02
9.788870215415954590e-01 6.991785764694213867e-02 -1.920649558305740356e-01 -4.164241409301757812e+01 -4.799539968371391296e-02 9.920283555984497070e-01 1.165121123194694519e-01 1.945083427429199219e+01 1.986796408891677856e-01 -1.048339083790779114e-01 9.744411110877990723e-01 4.593512573242187500e+02
9.789223074913024902e-01 7.229431718587875366e-02 -1.910025775432586670e-01 -4.218697738647460938e+01 -5.047223344445228577e-02 9.918782114982604980e-01 1.167431250214576721e-01 1.973421669006347656e+01 1.978906393051147461e-01 -1.046420484781265259e-01 9.746222496032714844e-01 4.621217346191406250e+02
9.781979918479919434e-01 7.504566758871078491e-02 -1.936341524124145508e-01 -4.274766921997070312e+01 -5.357500910758972168e-02 9.920538067817687988e-01 1.138323768973350525e-01 2.002069854736328125e+01 2.006376087665557861e-01 -1.009765788912773132e-01 9.744472503662109375e-01 4.649375915527343750e+02
9.778801798820495605e-01 7.604108005762100220e-02 -1.948470622301101685e-01 -4.330405807495117188e+01 -5.471206828951835632e-02 9.921320080757141113e-01 1.126032322645187378e-01 2.029276084899902344e+01 2.018759399652481079e-01 -9.945190697908401489e-02 9.743483066558837891e-01 4.677309875488281250e+02
9.775468707084655762e-01 7.867807894945144653e-02 -1.954712867736816406e-01 -4.386793136596679688e+01 -5.692103132605552673e-02 9.917864799499511719e-01 1.145351827144622803e-01 2.056105422973632812e+01 2.028766721487045288e-01 -1.008370071649551392e-01 9.739980101585388184e-01 4.705329895019531250e+02
9.769946932792663574e-01 7.692164927721023560e-02 -1.989007890224456787e-01 -4.445617294311523438e+01 -5.484624207019805908e-02 9.919407963752746582e-01 1.142111346125602722e-01 2.084976005554199219e+01 2.060826122760772705e-01 -1.006746217608451843e-01 9.733415842056274414e-01 4.734563293457031250e+02
9.765273928642272949e-01 7.522081583738327026e-02 -2.018247246742248535e-01 -4.505342483520507812e+01 -5.291794985532760620e-02 9.921026229858398438e-01 1.137144640088081360e-01 2.113100814819335938e+01 2.087840288877487183e-01 -1.003650426864624023e-01 9.727976918220520020e-01 4.763390197753906250e+02
9.760101437568664551e-01 7.427358627319335938e-02 -2.046577781438827515e-01 -4.565541076660156250e+01 -5.193326622247695923e-02 9.922987818717956543e-01 1.124494075775146484e-01 2.141160583496093750e+01 2.114331871271133423e-01 -9.912310540676116943e-02 9.723527431488037109e-01 4.792108459472656250e+02
9.752473235130310059e-01 7.756005972623825073e-02 -2.070610076189041138e-01 -4.623598861694335938e+01 -5.482056736946105957e-02 9.920366406440734863e-01 1.133881658315658569e-01 2.167403793334960938e+01 2.142059952020645142e-01 -9.923019260168075562e-02 9.717347621917724609e-01 4.819573669433593750e+02
9.758802652359008789e-01 7.792042940855026245e-02 -2.039195001125335693e-01 -4.679140853881835938e+01 -5.517407506704330444e-02 9.918372631072998047e-01 1.149499714374542236e-01 2.193759918212890625e+01 2.112113982439041138e-01 -1.009262204170227051e-01 9.722154736518859863e-01 4.845829772949218750e+02
9.756243824958801270e-01 7.856190949678421021e-02 -2.048954814672470093e-01 -4.739833831787109375e+01 -5.590797588229179382e-02 9.918938279151916504e-01 1.141037121415138245e-01 2.222418022155761719e+01 2.121982723474502563e-01 -9.986696392297744751e-02 9.721099138259887695e-01 4.874747619628906250e+02
9.757639765739440918e-01 7.954435795545578003e-02 -2.038493752479553223e-01 -4.799497222900390625e+01 -5.717430263757705688e-02 9.919052124023437500e-01 1.133744344115257263e-01 2.250839233398437500e+01 2.112170904874801636e-01 -9.897159785032272339e-02 9.724151492118835449e-01 4.903216247558593750e+02
9.756302833557128906e-01 8.021506667137145996e-02 -2.042274326086044312e-01 -4.860813903808593750e+01 -5.789163336157798767e-02 9.919031262397766113e-01 1.130307614803314209e-01 2.279404640197753906e+01 2.116403728723526001e-01 -9.845326095819473267e-02 9.723759889602661133e-01 4.932445373535156250e+02
9.744675159454345703e-01 7.702468335628509521e-02 -2.108982503414154053e-01 -4.922925949096679688e+01 -5.526065453886985779e-02 9.926983118057250977e-01 1.072167381644248962e-01 2.308407783508300781e+01 2.176164686679840088e-01 -9.282493591308593750e-02 9.716101884841918945e-01 4.961786193847656250e+02
9.736357927322387695e-01 7.769339531660079956e-02 -2.144639790058135986e-01 -4.981324768066406250e+01 -5.597925186157226562e-02 9.928385019302368164e-01 1.055322587490081787e-01 2.332655143737792969e+01 2.211270630359649658e-01 -9.074453264474868774e-02 9.710139036178588867e-01 4.988299560546875000e+02
9.744236469268798828e-01 7.838837057352066040e-02 -2.105981260538101196e-01 -5.039583206176757812e+01 -5.671451613306999207e-02 9.926334023475646973e-01 1.070581078529357910e-01 2.356065177917480469e+01 2.174386531114578247e-01 -9.237606078386306763e-02 9.716927409172058105e-01 5.014832153320312500e+02
9.754175543785095215e-01 7.975930720567703247e-02 -2.054181545972824097e-01 -5.100947570800781250e+01 -5.856544524431228638e-02 9.925031661987304688e-01 1.072684377431869507e-01 2.381336021423339844e+01 2.124336361885070801e-01 -9.260121732950210571e-02 9.727777838706970215e-01 5.043484802246093750e+02
9.760619997978210449e-01 8.045591413974761963e-02 -2.020578086376190186e-01 -5.159894180297851562e+01 -5.935420840978622437e-02 9.923323392868041992e-01 1.084090843796730042e-01 2.406887817382812500e+01 2.092304527759552002e-01 -9.382111579179763794e-02 9.733549952507019043e-01 5.071571655273437500e+02
9.769452810287475586e-01 8.070208877325057983e-02 -1.976427137851715088e-01 -5.218375396728515625e+01 -6.025233492255210876e-02 9.923895001411437988e-01 1.073855534195899963e-01 2.433363914489746094e+01 2.048045992851257324e-01 -9.300147742033004761e-02 9.743744730949401855e-01 5.099961853027343750e+02
9.774758815765380859e-01 7.866569608449935913e-02 -1.958319246768951416e-01 -5.278361511230468750e+01 -5.837570503354072571e-02 9.925097823143005371e-01 1.073109507560729980e-01 2.460777473449707031e+01 2.028066068887710571e-01 -9.346217662096023560e-02 9.747482538223266602e-01 5.129525756835937500e+02
9.768745899200439453e-01 8.011696487665176392e-02 -1.982292085886001587e-01 -5.336417770385742188e+01 -5.934457108378410339e-02 9.923118948936462402e-01 1.086019650101661682e-01 2.487731742858886719e+01 2.054058909416198730e-01 -9.432680159807205200e-02 9.741204977035522461e-01 5.158239135742187500e+02
9.773474931716918945e-01 8.117946237325668335e-02 -1.954463422298431396e-01 -5.394692611694335938e+01 -6.053720414638519287e-02 9.921554923057556152e-01 1.093703135848045349e-01 2.514028930664062500e+01 2.027916163206100464e-01 -9.506117552518844604e-02 9.745967388153076172e-01 5.187048339843750000e+02
9.767761826515197754e-01 8.274372667074203491e-02 -1.976338475942611694e-01 -5.455277252197265625e+01 -6.158196181058883667e-02 9.919186234474182129e-01 1.109248697757720947e-01 2.542177772521972656e+01 2.052148729562759399e-01 -9.617825597524642944e-02 9.739797115325927734e-01 5.217079467773437500e+02
9.766107201576232910e-01 8.096323907375335693e-02 -1.991828829050064087e-01 -5.511809921264648438e+01 -5.902723222970962524e-02 9.917588829994201660e-01 1.137076616287231445e-01 2.568036460876464844e+01 2.067473530769348145e-01 -9.929109364748001099e-02 9.733430147171020508e-01 5.244749145507812500e+02
9.763220548629760742e-01 7.854064553976058960e-02 -2.015538662672042847e-01 -5.572739028930664062e+01 -5.623478442430496216e-02 9.918752908706665039e-01 1.141060739755630493e-01 2.597801208496093750e+01 2.088781148195266724e-01 -1.000701338052749634e-01 9.728081226348876953e-01 5.274542846679687500e+02
9.765002131462097168e-01 7.962429523468017578e-02 -2.002614736557006836e-01 -5.630273437500000000e+01 -5.710142478346824646e-02 9.916253685951232910e-01 1.158344894647598267e-01 2.625266838073730469e+01 2.078074663877487183e-01 -1.016773954033851624e-01 9.728707671165466309e-01 5.302247924804687500e+02
9.758672118186950684e-01 8.117891103029251099e-02 -2.027080953121185303e-01 -5.690673446655273438e+01 -5.883304029703140259e-02 9.917446970939636230e-01 1.139311194419860840e-01 2.653872871398925781e+01 2.102833539247512817e-01 -9.925592690706253052e-02 9.725887775421142578e-01 5.331098022460937500e+02
9.750133752822875977e-01 8.254599571228027344e-02 -2.062340676784515381e-01 -5.748839187622070312e+01 -5.954884365200996399e-02 9.915396571159362793e-01 1.153347119688987732e-01 2.681470489501953125e+01 2.140095680952072144e-01 -1.001721099019050598e-01 9.716816544532775879e-01 5.358571166992187500e+02
9.753599762916564941e-01 8.510644733905792236e-02 -2.035367935895919800e-01 -5.808906173706054688e+01 -6.294313818216323853e-02 9.915994405746459961e-01 1.129943802952766418e-01 2.709500694274902344e+01 2.114434093236923218e-01 -9.739917516708374023e-02 9.725250005722045898e-01 5.387250366210937500e+02
9.749653339385986328e-01 8.502734452486038208e-02 -2.054518312215805054e-01 -5.866658020019531250e+01 -6.270014494657516479e-02 9.916316270828247070e-01 1.128467097878456116e-01 2.736941909790039062e+01 2.133274972438812256e-01 -9.713998436927795410e-02 9.721394181251525879e-01 5.414583740234375000e+02
9.757157564163208008e-01 8.757438510656356812e-02 -2.007661014795303345e-01 -5.923981094360351562e+01 -6.648144125938415527e-02 9.917598366737365723e-01 1.095055341720581055e-01 2.764442062377929688e+01 2.087015509605407715e-01 -9.349926561117172241e-02 9.734995365142822266e-01 5.442252197265625000e+02
9.750993251800537109e-01 8.797634392976760864e-02 -2.035656124353408813e-01 -5.982816696166992188e+01 -6.652995198965072632e-02 9.917122721672058105e-01 1.099062711000442505e-01 2.790958404541015625e+01 2.115475833415985107e-01 -9.362652152776718140e-02 9.728727936744689941e-01 5.470487060546875000e+02
9.741638302803039551e-01 9.127202630043029785e-02 -2.065714299678802490e-01 -6.039194488525390625e+01 -6.897260993719100952e-02 9.912318587303161621e-01 1.126988828182220459e-01 2.815699768066406250e+01 2.150463461875915527e-01 -9.553962945938110352e-02 9.719192385673522949e-01 5.496973266601562500e+02
9.744005799293518066e-01 8.971337229013442993e-02 -2.061368972063064575e-01 -6.098218917846679688e+01 -6.802029907703399658e-02 9.915981888771057129e-01 1.100232601165771484e-01 2.843068122863769531e+01 2.142754346132278442e-01 -9.318546205759048462e-02 9.723179936408996582e-01 5.524807128906250000e+02
9.737265110015869141e-01 8.972645550966262817e-02 -2.092920243740081787e-01 -6.160503768920898438e+01 -6.762766093015670776e-02 9.915761947631835938e-01 1.104629784822463989e-01 2.870431137084960938e+01 2.174403518438339233e-01 -9.340704232454299927e-02 9.715937972068786621e-01 5.553947143554687500e+02
9.735203385353088379e-01 8.862771093845367432e-02 -2.107144743204116821e-01 -6.221891403198242188e+01 -6.631742417812347412e-02 9.916390180587768555e-01 1.106928437948226929e-01 2.897452545166015625e+01 2.187630683183670044e-01 -9.378796070814132690e-02 9.712601304054260254e-01 5.582395629882812500e+02
9.726661443710327148e-01 8.977761119604110718e-02 -2.141446322202682495e-01 -6.283955383300781250e+01 -6.728380173444747925e-02 9.916377663612365723e-01 1.101192608475685120e-01 2.923834800720214844e+01 2.222400754690170288e-01 -9.270107746124267578e-02 9.705747961997985840e-01 5.610159301757812500e+02
9.726155400276184082e-01 8.913177251815795898e-02 -2.146436721086502075e-01 -6.347057342529296875e+01 -6.691399961709976196e-02 9.918249845504760742e-01 1.086487546563148499e-01 2.951237869262695312e+01 2.225729227066040039e-01 -9.131105989217758179e-02 9.706303477287292480e-01 5.638606567382812500e+02
9.729147553443908691e-01 8.478924632072448730e-02 -2.150463908910751343e-01 -6.411093902587890625e+01 -6.265556812286376953e-02 9.922023415565490723e-01 1.077386066317558289e-01 2.977179718017578125e+01 2.225045114755630493e-01 -9.134688973426818848e-02 9.706426858901977539e-01 5.667031250000000000e+02
9.719906449317932129e-01 8.677408099174499512e-02 -2.184075117111206055e-01 -6.472918701171875000e+01 -6.346615403890609741e-02 9.917276501655578613e-01 1.115667149424552917e-01 3.003109741210937500e+01 2.262817919254302979e-01 -9.458059072494506836e-02 9.694590568542480469e-01 5.695072021484375000e+02
9.719873666763305664e-01 9.061701595783233643e-02 -2.168556600809097290e-01 -6.532368469238281250e+01 -6.805820763111114502e-02 9.916717410087585449e-01 1.093348041176795959e-01 3.028540420532226562e+01 2.249571233987808228e-01 -9.151352196931838989e-02 9.700615406036376953e-01 5.721779174804687500e+02
9.722164273262023926e-01 9.115635603666305542e-02 -2.155990600585937500e-01 -6.597302246093750000e+01 -6.920275837182998657e-02 9.918168783187866211e-01 1.072806641459465027e-01 3.056075859069824219e+01 2.236139923334121704e-01 -8.938024938106536865e-02 9.705708622932434082e-01 5.751019287109375000e+02
9.713742733001708984e-01 8.974193036556243896e-02 -2.199445366859436035e-01 -6.654577636718750000e+01 -6.676920503377914429e-02 9.917131662368774414e-01 1.097531616687774658e-01 3.079135894775390625e+01 2.279712408781051636e-01 -9.192616492509841919e-02 9.693186283111572266e-01 5.776351318359375000e+02
9.699490070343017578e-01 8.999660611152648926e-02 -2.260458320379257202e-01 -6.720204925537109375e+01 -6.620319932699203491e-02 9.916425347328186035e-01 1.107296273112297058e-01 3.106444168090820312e+01 2.341218739748001099e-01 -9.243743121623992920e-02 9.678027033805847168e-01 5.804877929687500000e+02
9.697517752647399902e-01 9.195381402969360352e-02 -2.261042147874832153e-01 -6.784723663330078125e+01 -6.837504357099533081e-02 9.915761947631835938e-01 1.100007370114326477e-01 3.133154678344726562e+01 2.343145012855529785e-01 -9.121382236480712891e-02 9.678721427917480469e-01 5.832586669921875000e+02
9.690981507301330566e-01 9.253454953432083130e-02 -2.286551892757415771e-01 -6.848925018310546875e+01 -6.884346902370452881e-02 9.915979504585266113e-01 1.095109060406684875e-01 3.159281539916992188e+01 2.368675470352172852e-01 -9.038569033145904541e-02 9.673282504081726074e-01 5.859924316406250000e+02
9.696177840232849121e-01 9.293401241302490234e-02 -2.262780368328094482e-01 -6.914205932617187500e+01 -6.979446858167648315e-02 9.916742444038391113e-01 1.082100272178649902e-01 3.185885238647460938e+01 2.344504594802856445e-01 -8.912970870733261108e-02 9.680333733558654785e-01 5.887775268554687500e+02
9.699475765228271484e-01 9.431501477956771851e-02 -2.242844849824905396e-01 -6.980177307128906250e+01 -7.103038579225540161e-02 9.914201498031616211e-01 1.097235456109046936e-01 3.213338470458984375e+01 2.327086776494979858e-01 -9.049535542726516724e-02 9.683269262313842773e-01 5.916323242187500000e+02
9.691497683525085449e-01 9.497541189193725586e-02 -2.274324595928192139e-01 -7.042509460449218750e+01 -7.118247449398040771e-02 9.913076162338256836e-01 1.106377765536308289e-01 3.238644409179687500e+01 2.359633594751358032e-01 -9.103567153215408325e-02 9.674882888793945312e-01 5.943305053710937500e+02
9.680158495903015137e-01 9.717015922069549561e-02 -2.313014119863510132e-01 -7.107073211669921875e+01 -7.260204851627349854e-02 9.909982085227966309e-01 1.124713271856307983e-01 3.265590667724609375e+01 2.401481419801712036e-01 -9.208136051893234253e-02 9.663589596748352051e-01 5.970539550781250000e+02
9.683426618576049805e-01 9.709716588258743286e-02 -2.299602031707763672e-01 -7.172991943359375000e+01 -7.246667146682739258e-02 9.909198284149169922e-01 1.132464334368705750e-01 3.292458343505859375e+01 2.388680428266525269e-01 -9.299719333648681641e-02 9.665885567665100098e-01 5.998032226562500000e+02
9.670168161392211914e-01 9.673106670379638672e-02 -2.356237173080444336e-01 -7.237393188476562500e+01 -7.137015461921691895e-02 9.909250736236572266e-01 1.138948723673820496e-01 3.320092391967773438e+01 2.445026338100433350e-01 -9.332206100225448608e-02 9.651473164558410645e-01 6.024780273437500000e+02
9.657621383666992188e-01 9.727347642183303833e-02 -2.404958605766296387e-01 -7.305812835693359375e+01 -7.131384313106536865e-02 9.908710122108459473e-01 1.143990233540534973e-01 3.347716903686523438e+01 2.494284063577651978e-01 -9.333186596632003784e-02 9.638850688934326172e-01 6.052288818359375000e+02
9.655917882919311523e-01 1.009022817015647888e-01 -2.396832108497619629e-01 -7.375741577148437500e+01 -7.561281323432922363e-02 9.907720685005187988e-01 1.124787852168083191e-01 3.376258468627929688e+01 2.488208264112472534e-01 -9.048577398061752319e-02 9.643133878707885742e-01 6.080357055664062500e+02
9.664949178695678711e-01 9.705787152051925659e-02 -2.376219630241394043e-01 -7.444506072998046875e+01 -7.213754951953887939e-02 9.911499023437500000e-01 1.114272624254226685e-01 3.402481079101562500e+01 2.463339120149612427e-01 -9.055270999670028687e-02 9.649454355239868164e-01 6.107900390625000000e+02
9.667464494705200195e-01 9.954385459423065186e-02 -2.355614304542541504e-01 -7.509768676757812500e+01 -7.531904429197311401e-02 9.911049008369445801e-01 1.097090318799018860e-01 3.429281616210937500e+01 2.443869858980178833e-01 -8.831884711980819702e-02 9.656472206115722656e-01 6.134810791015625000e+02
9.669699072837829590e-01 1.018465086817741394e-01 -2.336519807577133179e-01 -7.580287933349609375e+01 -7.773635536432266235e-02 9.908645749092102051e-01 1.101921349763870239e-01 3.456644058227539062e+01 2.427401989698410034e-01 -8.838954567909240723e-02 9.660560488700866699e-01 6.163967285156250000e+02
9.677746295928955078e-01 1.001970916986465454e-01 -2.310185581445693970e-01 -7.651688385009765625e+01 -7.569567859172821045e-02 9.907515048980712891e-01 1.126026585698127747e-01 3.484555053710937500e+01 2.401644885540008545e-01 -9.148720651865005493e-02 9.664113521575927734e-01 6.193339233398437500e+02
9.670474529266357422e-01 1.012305766344070435e-01 -2.335988432168960571e-01 -7.718266296386718750e+01 -7.621265202760696411e-02 9.905792474746704102e-01 1.137630194425582886e-01 3.512591171264648438e+01 2.429145425558090210e-01 -9.221136569976806641e-02 9.656548500061035156e-01 6.220692749023437500e+02
9.665808081626892090e-01 1.059688106179237366e-01 -2.334287166595458984e-01 -7.785563659667968750e+01 -8.043339103460311890e-02 9.899459481239318848e-01 1.163407564163208008e-01 3.540738677978515625e+01 2.434103786945343018e-01 -9.367759525775909424e-02 9.653888344764709473e-01 6.248577880859375000e+02
9.665929079055786133e-01 1.058054268360137939e-01 -2.334528118371963501e-01 -7.851650238037109375e+01 -8.061382919549942017e-02 9.900935292243957520e-01 1.149515733122825623e-01 3.568312835693359375e+01 2.433027029037475586e-01 -9.229215979576110840e-02 9.655494093894958496e-01 6.276039428710937500e+02
9.650241732597351074e-01 1.056748107075691223e-01 -2.399123758077621460e-01 -7.920927429199218750e+01 -7.930290699005126953e-02 9.899528026580810547e-01 1.170556768774986267e-01 3.597089004516601562e+01 2.498718798160552979e-01 -9.393613040447235107e-02 9.637113809585571289e-01 6.304192504882812500e+02
9.653656482696533203e-01 1.061946675181388855e-01 -2.383038997650146484e-01 -7.992090606689453125e+01 -7.920610904693603516e-02 9.895929694175720215e-01 1.201234757900238037e-01 3.626475906372070312e+01 2.485804408788681030e-01 -9.708826988935470581e-02 9.637330174446105957e-01 6.332809448242187500e+02
9.648425579071044922e-01 1.056854948401451111e-01 -2.406374514102935791e-01 -8.064353179931640625e+01 -7.800497114658355713e-02 9.894828796386718750e-01 1.218046173453330994e-01 3.657397460937500000e+01 2.509797513484954834e-01 -9.875167906284332275e-02 9.629418849945068359e-01 6.361768798828125000e+02
9.654971957206726074e-01 1.082826480269432068e-01 -2.368269860744476318e-01 -8.132370758056640625e+01 -8.007131516933441162e-02 9.888331890106201172e-01 1.256786584854125977e-01 3.687008666992187500e+01 2.477912753820419312e-01 -1.023796722292900085e-01 9.633886218070983887e-01 6.388952026367187500e+02
9.641705155372619629e-01 1.120041757822036743e-01 -2.404729574918746948e-01 -8.204541015625000000e+01 -8.266739547252655029e-02 9.882149696350097656e-01 1.288210451602935791e-01 3.718961334228515625e+01 2.520675659179687500e-01 -1.043264865875244141e-01 9.620695114135742188e-01 6.417965698242187500e+02
9.638724327087402344e-01 1.127990037202835083e-01 -2.412946969270706177e-01 -8.277422332763671875e+01 -8.260490745306015015e-02 9.878262877464294434e-01 1.318075209856033325e-01 3.752251434326171875e+01 2.532251179218292236e-01 -1.071138307452201843e-01 9.614589810371398926e-01 6.446918945312500000e+02
9.639200568199157715e-01 1.148881763219833374e-01 -2.401158213615417480e-01 -8.349671936035156250e+01 -8.433064818382263184e-02 9.873989224433898926e-01 1.339006274938583374e-01 3.786542892456054688e+01 2.524737715721130371e-01 -1.088206991553306580e-01 9.614649415016174316e-01 6.475869140625000000e+02
9.652675986289978027e-01 1.140384823083877563e-01 -2.350538522005081177e-01 -8.416407012939453125e+01 -8.479600399732589722e-02 9.877493977546691895e-01 1.309903264045715332e-01 3.818560409545898438e+01 2.471122741699218750e-01 -1.065094247460365295e-01 9.631152749061584473e-01 6.503057861328125000e+02
9.649809598922729492e-01 1.176230162382125854e-01 -2.344635426998138428e-01 -8.485016632080078125e+01 -8.842021971940994263e-02 9.873744249343872070e-01 1.314204186201095581e-01 3.851996612548828125e+01 2.469613999128341675e-01 -1.060872301459312439e-01 9.632005095481872559e-01 6.531365966796875000e+02
9.647099375724792480e-01 1.173331364989280701e-01 -2.357207536697387695e-01 -8.549266052246093750e+01 -8.828470855951309204e-02 9.875422716140747070e-01 1.302450299263000488e-01 3.882990646362304688e+01 2.480662912130355835e-01 -1.048384755849838257e-01 9.630532860755920410e-01 6.557543945312500000e+02
9.641032218933105469e-01 1.190931871533393860e-01 -2.373150438070297241e-01 -8.616439056396484375e+01 -8.971403539180755615e-02 9.873137474060058594e-01 1.309984773397445679e-01 3.914316940307617188e+01 2.499054521322250366e-01 -1.050058752298355103e-01 9.625594019889831543e-01 6.584907226562500000e+02
9.643219709396362305e-01 1.214675307273864746e-01 -2.352137416601181030e-01 -8.685086822509765625e+01 -9.218527376651763916e-02 9.869859218597412109e-01 1.317509412765502930e-01 3.946446228027343750e+01 2.481561303138732910e-01 -1.053673997521400452e-01 9.629724025726318359e-01 6.612702026367187500e+02
9.632630944252014160e-01 1.216231733560562134e-01 -2.394342124462127686e-01 -8.753289031982421875e+01 -9.195093065500259399e-02 9.870476722717285156e-01 1.314520090818405151e-01 3.979234313964843750e+01 2.523206174373626709e-01 -1.046069934964179993e-01 9.619725942611694336e-01 6.640465087890625000e+02
9.623786807060241699e-01 1.205360963940620422e-01 -2.435056865215301514e-01 -8.823484802246093750e+01 -9.015357494354248047e-02 9.870988130569458008e-01 1.323104202747344971e-01 4.012646102905273438e+01 2.563124001026153564e-01 -1.053801402449607849e-01 9.608322381973266602e-01 6.668273925781250000e+02
9.608799219131469727e-01 1.259262412786483765e-01 -2.466760724782943726e-01 -8.895262145996093750e+01 -9.495986253023147583e-02 9.864633083343505859e-01 1.336805224418640137e-01 4.045759963989257812e+01 2.601708471775054932e-01 -1.050269305706024170e-01 9.598333835601806641e-01 6.695954589843750000e+02
9.603435397148132324e-01 1.247577443718910217e-01 -2.493440508842468262e-01 -8.966469573974609375e+01 -9.303845465183258057e-02 9.864367246627807617e-01 1.352184265851974487e-01 4.079229354858398438e+01 2.628317475318908691e-01 -1.066579148173332214e-01 9.589281082153320312e-01 6.723215942382812500e+02
9.594407081604003906e-01 1.271548867225646973e-01 -2.515985667705535889e-01 -9.039584350585937500e+01 -9.498301148414611816e-02 9.861212372779846191e-01 1.361642777919769287e-01 4.114447402954101562e+01 2.654207050800323486e-01 -1.067443341016769409e-01 9.582051038742065430e-01 6.751201782226562500e+02
9.597002267837524414e-01 1.252377480268478394e-01 -2.515703737735748291e-01 -9.112877655029296875e+01 -9.240807592868804932e-02 9.860603809356689453e-01 1.383592784404754639e-01 4.148589706420898438e+01 2.653914391994476318e-01 -1.095366701483726501e-01 9.578980803489685059e-01 6.779367065429687500e+02
9.591568112373352051e-01 1.314186751842498779e-01 -2.504874765872955322e-01 -9.185250854492187500e+01 -9.840569645166397095e-02 9.852353334426879883e-01 1.400907486677169800e-01 4.182070922851562500e+01 2.651997208595275879e-01 -1.097199767827987671e-01 9.579301476478576660e-01 6.806690673828125000e+02
9.587788581848144531e-01 1.339879035949707031e-01 -2.505731880664825439e-01 -9.260600280761718750e+01 -1.007622927427291870e-01 9.848567843437194824e-01 1.410737186670303345e-01 4.218404388427734375e+01 2.656809091567993164e-01 -1.100105270743370056e-01 9.577634930610656738e-01 6.835491333007812500e+02
9.577754139900207520e-01 1.345120668411254883e-01 -2.541049122810363770e-01 -9.335562896728515625e+01 -1.001308783888816833e-01 9.845339655876159668e-01 1.437514126300811768e-01 4.254446411132812500e+01 2.695112228393554688e-01 -1.122381836175918579e-01 9.564339518547058105e-01 6.863877563476562500e+02
9.581544995307922363e-01 1.342962831258773804e-01 -2.527865767478942871e-01 -9.412092590332031250e+01 -9.973242878913879395e-02 9.843987822532653809e-01 1.449490636587142944e-01 4.293512344360351562e+01 2.683089077472686768e-01 -1.136729493737220764e-01 9.566025137901306152e-01 6.892745971679687500e+02
9.583536386489868164e-01 1.381543725728988647e-01 -2.499362975358963013e-01 -9.485044097900390625e+01 -1.039958521723747253e-01 9.839333295822143555e-01 1.451130807399749756e-01 4.330850982666015625e+01 2.659686207771301270e-01 -1.130777075886726379e-01 9.573262929916381836e-01 6.920473632812500000e+02
9.584965705871582031e-01 1.384274959564208984e-01 -2.492359578609466553e-01 -9.557109069824218750e+01 -1.047781705856323242e-01 9.840711951255798340e-01 1.436075121164321899e-01 4.366894149780273438e+01 2.651450932025909424e-01 -1.115332096815109253e-01 9.577358365058898926e-01 6.947834472656250000e+02
9.589413404464721680e-01 1.395553350448608398e-01 -2.468850761651992798e-01 -9.631264495849609375e+01 -1.069100499153137207e-01 9.842077493667602539e-01 1.410783529281616211e-01 4.403763198852539062e+01 2.626743912696838379e-01 -1.088917329907417297e-01 9.587201476097106934e-01 6.976229858398437500e+02
9.584392309188842773e-01 1.390948146581649780e-01 -2.490848898887634277e-01 -9.701965332031250000e+01 -1.068115606904029846e-01 9.845430850982666016e-01 1.387944519519805908e-01 4.438538360595703125e+01 2.645403742790222168e-01 -1.064212620258331299e-01 9.584844708442687988e-01 7.003333740234375000e+02
9.585550427436828613e-01 1.359198093414306641e-01 -2.503888010978698730e-01 -9.769585418701171875e+01 -1.030638739466667175e-01 9.847705960273742676e-01 1.400086581707000732e-01 4.471064376831054688e+01 2.656054794788360596e-01 -1.084003075957298279e-01 9.579679965972900391e-01 7.028994140625000000e+02
9.569484591484069824e-01 1.391264796257019043e-01 -2.547351717948913574e-01 -9.844343566894531250e+01 -1.051005199551582336e-01 9.841706156730651855e-01 1.426876932382583618e-01 4.507190704345703125e+01 2.705545425415039062e-01 -1.097723096609115601e-01 9.564255475997924805e-01 7.057073974609375000e+02
9.569539427757263184e-01 1.432545483112335205e-01 -2.524159550666809082e-01 -9.918032073974609375e+01 -1.091084033250808716e-01 9.834698438644409180e-01 1.444994807243347168e-01 4.542524719238281250e+01 2.689437568187713623e-01 -1.107390150427818298e-01 9.567683339118957520e-01 7.084500732421875000e+02
9.558708071708679199e-01 1.436606794595718384e-01 -2.562599182128906250e-01 -9.991800689697265625e+01 -1.090595796704292297e-01 9.834702014923095703e-01 1.445340663194656372e-01 4.579354858398437500e+01 2.727879285812377930e-01 -1.102086603641510010e-01 9.557406902313232422e-01 7.111884765625000000e+02
9.556946754455566406e-01 1.467131078243255615e-01 -2.551852166652679443e-01 -1.006576461791992188e+02 -1.122005432844161987e-01 9.830514192581176758e-01 1.449779868125915527e-01 4.615430831909179688e+01 2.721304297447204590e-01 -1.099231317639350891e-01 9.559609889984130859e-01 7.139763183593750000e+02
9.558323025703430176e-01 1.477668583393096924e-01 -2.540591359138488770e-01 -1.013914871215820312e+02 -1.129695996642112732e-01 9.827292561531066895e-01 1.465562880039215088e-01 4.651786804199218750e+01 2.713275551795959473e-01 -1.113826632499694824e-01 9.560202360153198242e-01 7.167184448242187500e+02
9.541960954666137695e-01 1.521093547344207764e-01 -2.576218843460083008e-01 -1.021792755126953125e+02 -1.171332448720932007e-01 9.823037981986999512e-01 1.461392343044281006e-01 4.691441345214843750e+01 2.752921283245086670e-01 -1.092697754502296448e-01 9.551302194595336914e-01 7.196383666992187500e+02
9.520506858825683594e-01 1.585400253534317017e-01 -2.616505920886993408e-01 -1.028785629272460938e+02 -1.229417696595191956e-01 9.814172387123107910e-01 1.473197042942047119e-01 4.726340103149414062e+01 2.801445126533508301e-01 -1.080884337425231934e-01 9.538528323173522949e-01 7.221944580078125000e+02
9.512482881546020508e-01 1.583282351493835449e-01 -2.646795809268951416e-01 -1.036606140136718750e+02 -1.220606341958045959e-01 9.813705086708068848e-01 1.483599543571472168e-01 4.764292526245117188e+01 2.832383811473846436e-01 -1.088206022977828979e-01 9.528553485870361328e-01 7.249956665039062500e+02
9.507498741149902344e-01 1.627023518085479736e-01 -2.638162076473236084e-01 -1.044282684326171875e+02 -1.258638203144073486e-01 9.804735779762268066e-01 1.510880440473556519e-01 4.802110671997070312e+01 2.832472622394561768e-01 -1.104424446821212769e-01 9.526661038398742676e-01 7.277359008789062500e+02
9.523727893829345703e-01 1.610445976257324219e-01 -2.589347064495086670e-01 -1.051793518066406250e+02 -1.242019683122634888e-01 9.803989529609680176e-01 1.529363095760345459e-01 4.839802932739257812e+01 2.784889638423919678e-01 -1.134926080703735352e-01 9.537099003791809082e-01 7.304626464843750000e+02
9.503852128982543945e-01 1.612785309553146362e-01 -2.659956514835357666e-01 -1.059279937744140625e+02 -1.237481236457824707e-01 9.805435538291931152e-01 1.523760408163070679e-01 4.878747558593750000e+01 2.853954136371612549e-01 -1.118999049067497253e-01 9.518546462059020996e-01 7.331384887695312500e+02
9.506037831306457520e-01 1.614852845668792725e-01 -2.650893330574035645e-01 -1.067492446899414062e+02 -1.240742653608322144e-01 9.805039167404174805e-01 1.523663401603698730e-01 4.920147705078125000e+01 2.845261096954345703e-01 -1.119494065642356873e-01 9.521094560623168945e-01 7.360807495117187500e+02
9.501498937606811523e-01 1.633300483226776123e-01 -2.655858695507049561e-01 -1.075533065795898438e+02 -1.256211251020431519e-01 9.801529049873352051e-01 1.533542275428771973e-01 4.960395812988281250e+01 2.853621840476989746e-01 -1.123464554548263550e-01 9.518124461174011230e-01 7.389431152343750000e+02
9.493048787117004395e-01 1.681339144706726074e-01 -2.656099200248718262e-01 -1.083097763061523438e+02 -1.294048428535461426e-01 9.790440201759338379e-01 1.572420746088027954e-01 4.998145294189453125e+01 2.864816188812255859e-01 -1.148996055126190186e-01 9.511711597442626953e-01 7.416472778320312500e+02
9.504614472389221191e-01 1.681073904037475586e-01 -2.614581286907196045e-01 -1.091318283081054688e+02 -1.295476555824279785e-01 9.788361787796020508e-01 1.584144085645675659e-01 5.040297317504882812e+01 2.825553417205810547e-01 -1.166956499218940735e-01 9.521264433860778809e-01 7.445792846679687500e+02
9.503698348999023438e-01 1.708671152591705322e-01 -2.599981129169464111e-01 -1.098721466064453125e+02 -1.315385103225708008e-01 9.779980182647705078e-01 1.619115024805068970e-01 5.080282974243164062e+01 2.819430530071258545e-01 -1.196762099862098694e-01 9.519379734992980957e-01 7.472581176757812500e+02
9.498226642608642578e-01 1.706160604953765869e-01 -2.621537148952484131e-01 -1.106884078979492188e+02 -1.306270211935043335e-01 9.779118895530700684e-01 1.631645709276199341e-01 5.124059677124023438e+01 2.842018306255340576e-01 -1.207332164049148560e-01 9.511324763298034668e-01 7.502051391601562500e+02
9.485496282577514648e-01 1.710590124130249023e-01 -2.664394676685333252e-01 -1.114991455078125000e+02 -1.288111358880996704e-01 9.771968126296997070e-01 1.687955409288406372e-01 5.168096923828125000e+01 2.892379164695739746e-01 -1.257907599210739136e-01 9.489563703536987305e-01 7.530779418945312500e+02
