9.999998807907104492e-01 4.249828343745321035e-04 -2.335019598831422627e-05 4.607624374330043793e-03 -4.249369085300713778e-04 9.999980330467224121e-01 1.931783976033329964e-03 -1.926752738654613495e-02 2.417128780507482588e-05 -1.931773964315652847e-03 9.999981522560119629e-01 1.360857009887695312e+00
9.999996423721313477e-01 -7.136964704841375351e-04 -4.613168421201407909e-04 9.271765127778053284e-03 7.137247011996805668e-04 9.999997615814208984e-01 6.120108446339145303e-05 -4.006834328174591064e-02 4.612736229319125414e-04 -6.153058347990736365e-05 9.999998807907104492e-01 2.709779024124145508e+00
9.999985694885253906e-01 -1.404819078743457794e-03 -9.603810030966997147e-04 1.154319196939468384e-02 1.402537338435649872e-03 9.999961853027343750e-01 -2.372060902416706085e-03 -6.075280904769897461e-02 9.637105977162718773e-04 2.370710019022226334e-03 9.999967217445373535e-01 3.976509094238281250e+00
9.999994635581970215e-01 -7.023769430816173553e-04 -8.207106147892773151e-04 1.381904724985361099e-02 6.979690515436232090e-04 9.999853968620300293e-01 -5.358486436307430267e-03 -8.574219793081283569e-02 8.244628552347421646e-04 5.357909947633743286e-03 9.999852776527404785e-01 5.252477645874023438e+00
9.999973177909851074e-01 3.859128046315163374e-04 -2.309193834662437439e-03 1.542131602764129639e-02 -3.978296881541609764e-04 9.999866485595703125e-01 -5.162245593965053558e-03 -1.110828220844268799e-01 2.307171234861016273e-03 5.163150373846292496e-03 9.999839663505554199e-01 6.583292007446289062e+00
9.999951720237731934e-01 5.457240622490644455e-04 -3.085939213633537292e-03 1.764659769833087921e-02 -5.589634529314935207e-04 9.999906420707702637e-01 -4.290933720767498016e-03 -1.372942179441452026e-01 3.083569230511784554e-03 4.292637109756469727e-03 9.999859929084777832e-01 7.941299915313720703e+00
9.999913573265075684e-01 8.584632887504994869e-04 -4.095871932804584503e-03 1.357369869947433472e-02 -8.692082483321428299e-04 9.999961853027343750e-01 -2.622334286570549011e-03 -1.665826737880706787e-01 4.093605559319257736e-03 2.625871449708938599e-03 9.999881386756896973e-01 9.273913383483886719e+00
9.999886751174926758e-01 8.331026183441281319e-04 -4.716798663139343262e-03 7.218089420348405838e-03 -8.632918470539152622e-04 9.999791383743286133e-01 -6.401889957487583160e-03 -1.992729306221008301e-01 4.711366724222898483e-03 6.405888125300407410e-03 9.999683499336242676e-01 1.063052272796630859e+01
9.999804496765136719e-01 -5.533799994736909866e-04 -6.254830863326787949e-03 1.636590342968702316e-03 4.835908475797623396e-04 9.999377131462097168e-01 -1.115335710346698761e-02 -2.350004017353057861e-01 6.260613910853862762e-03 1.115011144429445267e-02 9.999182224273681641e-01 1.198742198944091797e+01
9.999687075614929199e-01 -6.393712828867137432e-05 -7.934210821986198425e-03 -4.947996232658624649e-03 -5.261690239422023296e-05 9.998921155929565430e-01 -1.468861754983663559e-02 -2.717573940753936768e-01 7.934293709695339203e-03 1.468857284635305405e-02 9.998605847358703613e-01 1.332569694519042969e+01
9.999395608901977539e-01 1.179475802928209305e-03 -1.094711013138294220e-02 -1.680991426110267639e-02 -1.354268053546547890e-03 9.998714923858642578e-01 -1.597300916910171509e-02 -3.157866299152374268e-01 1.092686224728822708e-02 1.598686911165714264e-02 9.998124241828918457e-01 1.471556091308593750e+01
9.998965859413146973e-01 1.794992131181061268e-03 -1.428173109889030457e-02 -3.174366801977157593e-02 -2.032517688348889351e-03 9.998595714569091797e-01 -1.663406193256378174e-02 -3.594501912593841553e-01 1.424986496567726135e-02 1.666137017309665680e-02 9.997595548629760742e-01 1.608576583862304688e+01
9.998818635940551758e-01 2.275583334267139435e-03 -1.521082594990730286e-02 -4.831952601671218872e-02 -2.499966882169246674e-03 9.998881816864013672e-01 -1.474864967167377472e-02 -3.998750150203704834e-01 1.517555955797433853e-02 1.478493493050336838e-02 9.997754693031311035e-01 1.742214775085449219e+01
9.998633265495300293e-01 1.695363665930926800e-03 -1.645511761307716370e-02 -6.861042976379394531e-02 -1.891181804239749908e-03 9.999275207519531250e-01 -1.189169846475124359e-02 -4.441345930099487305e-01 1.643376052379608154e-02 1.192119345068931580e-02 9.997938275337219238e-01 1.879470252990722656e+01
9.998576641082763672e-01 2.061382634565234184e-03 -1.675681211054325104e-02 -8.801413327455520630e-02 -2.352842828258872032e-03 9.998459815979003906e-01 -1.739227399230003357e-02 -4.823593497276306152e-01 1.671837456524372101e-02 1.742922328412532806e-02 9.997082352638244629e-01 2.016138458251953125e+01
9.998595714569091797e-01 2.377745462581515312e-03 -1.660417020320892334e-02 -1.103318333625793457e-01 -2.706496743485331535e-03 9.998002052307128906e-01 -1.980481296777725220e-02 -5.347026586532592773e-01 1.655375398695468903e-02 1.984696649014949799e-02 9.996659159660339355e-01 2.157019615173339844e+01
9.998679161071777344e-01 2.077224897220730782e-03 -1.613732986152172089e-02 -1.343312412500381470e-01 -2.453842433169484138e-03 9.997242689132690430e-01 -2.335344813764095306e-02 -5.912860035896301270e-01 1.608436368405818939e-02 2.338995598256587982e-02 9.995969533920288086e-01 2.302479934692382812e+01
9.998885393142700195e-01 2.154462272301316261e-03 -1.479785423725843430e-02 -1.520235240459442139e-01 -2.520779846236109734e-03 9.996897578239440918e-01 -2.478070557117462158e-02 -6.445691585540771484e-01 1.473986823111772537e-02 2.481523901224136353e-02 9.995833039283752441e-01 2.443635559082031250e+01
9.998797774314880371e-01 1.846203813329339027e-03 -1.542140543460845947e-02 -1.700306236743927002e-01 -2.181173069402575493e-03 9.997614622116088867e-01 -2.173238247632980347e-02 -7.005220055580139160e-01 1.537759788334369659e-02 2.176339738070964813e-02 9.996448159217834473e-01 2.579146766662597656e+01
9.998925328254699707e-01 1.116058905608952045e-03 -1.464593410491943359e-02 -1.898892819881439209e-01 -1.390954130329191685e-03 9.998227953910827637e-01 -1.877241767942905426e-02 -7.537527680397033691e-01 1.462238188832998276e-02 1.879076287150382996e-02 9.997164011001586914e-01 2.722642898559570312e+01
9.999187588691711426e-01 2.508476609364151955e-03 -1.253207493573427200e-02 -2.058619111776351929e-01 -2.788280369713902473e-03 9.997460842132568359e-01 -2.235958352684974670e-02 -8.032277226448059082e-01 1.247279904782772064e-02 2.239269949495792389e-02 9.996713399887084961e-01 2.864166069030761719e+01
9.999293088912963867e-01 3.014705842360854149e-03 -1.154057867825031281e-02 -2.206379175186157227e-01 -3.316911868751049042e-03 9.996497035026550293e-01 -2.625747770071029663e-02 -8.569311499595642090e-01 1.145737152546644211e-02 2.629388682544231415e-02 9.995884895324707031e-01 3.011272621154785156e+01
9.999338984489440918e-01 2.838413696736097336e-03 -1.117953751236200333e-02 -2.341408729553222656e-01 -3.181229811161756516e-03 9.995214939117431641e-01 -3.076722100377082825e-02 -9.147721529006958008e-01 1.108685322105884552e-02 3.080073744058609009e-02 9.994639158248901367e-01 3.153448295593261719e+01
9.999439120292663574e-01 3.254719078540802002e-03 -1.012118440121412277e-02 -2.486748546361923218e-01 -3.609961597248911858e-03 9.993708729743957520e-01 -3.528118878602981567e-02 -9.849453568458557129e-01 9.999983943998813629e-03 3.531572967767715454e-02 9.993259906768798828e-01 3.298787307739257812e+01
9.999393820762634277e-01 3.988142590969800949e-03 -1.030536927282810211e-02 -2.604102492332458496e-01 -4.396806005388498306e-03 9.991922974586486816e-01 -3.994204849004745483e-02 -1.057295083999633789e+00 1.013774890452623367e-02 3.998491913080215454e-02 9.991486668586730957e-01 3.441634368896484375e+01
9.999406933784484863e-01 4.020617809146642685e-03 -1.016368251293897629e-02 -2.759093344211578369e-01 -4.421212710440158844e-03 9.992017149925231934e-01 -3.970433771610260010e-02 -1.139495015144348145e+00 9.995931759476661682e-03 3.974690288305282593e-02 9.991595745086669922e-01 3.585883712768554688e+01
9.999539852142333984e-01 3.453793236985802650e-03 -8.994457311928272247e-03 -2.838387787342071533e-01 -3.777586622163653374e-03 9.993362426757812500e-01 -3.623466938734054565e-02 -1.214303970336914062e+00 8.863340131938457489e-03 3.626697137951850891e-02 9.993026256561279297e-01 3.728761291503906250e+01
9.999518394470214844e-01 3.296477021649479866e-03 -9.289830923080444336e-03 -2.959729731082916260e-01 -3.641242627054452896e-03 9.992958903312683105e-01 -3.734296932816505432e-02 -1.293604373931884766e+00 9.160189889371395111e-03 3.737498447299003601e-02 9.992591142654418945e-01 3.876412963867187500e+01
9.999543428421020508e-01 3.288003383204340935e-03 -9.022131562232971191e-03 -3.094967901706695557e-01 -3.619160037487745285e-03 9.993110895156860352e-01 -3.693751245737075806e-02 -1.371644377708435059e+00 8.894464932382106781e-03 3.696846216917037964e-02 9.992766380310058594e-01 4.019618988037109375e+01
9.999622106552124023e-01 3.143443027511239052e-03 -8.157241158187389374e-03 -3.198968470096588135e-01 -3.464206121861934662e-03 9.992092251777648926e-01 -3.961103036999702454e-02 -1.448039889335632324e+00 8.026275783777236938e-03 3.963777422904968262e-02 9.991816878318786621e-01 4.158808517456054688e+01
9.999823570251464844e-01 2.767477184534072876e-03 -5.334297195076942444e-03 -3.256110548973083496e-01 -2.955209463834762573e-03 9.993649125099182129e-01 -3.551255911588668823e-02 -1.525153517723083496e+00 5.232631228864192963e-03 3.552768006920814514e-02 9.993547797203063965e-01 4.299111175537109375e+01
9.999862909317016602e-01 3.789372975006699562e-03 -3.737309481948614120e-03 -3.302187919616699219e-01 -3.918484784662723541e-03 9.993737936019897461e-01 -3.516633063554763794e-02 -1.596141338348388672e+00 3.601714503020048141e-03 3.518047556281089783e-02 9.993742704391479492e-01 4.443445587158203125e+01
9.999846220016479492e-01 4.091974347829818726e-03 -3.866500221192836761e-03 -3.356218338012695312e-01 -4.222822375595569611e-03 9.993970990180969238e-01 -3.446186706423759460e-02 -1.672797322273254395e+00 3.723155474290251732e-03 3.447764366865158081e-02 9.993983507156372070e-01 4.588590621948242188e+01
9.999780058860778809e-01 4.904222674667835236e-03 -4.573185928165912628e-03 -3.401731252670288086e-01 -5.054265260696411133e-03 9.994294047355651855e-01 -3.339608386158943176e-02 -1.741564631462097168e+00 4.406798165291547775e-03 3.341844677925109863e-02 9.994315505027770996e-01 4.732907104492187500e+01
9.999727010726928711e-01 4.755834583193063736e-03 -5.740418098866939545e-03 -3.485626280307769775e-01 -4.940359853208065033e-03 9.994572401046752930e-01 -3.257058933377265930e-02 -1.814699172973632812e+00 5.582403857260942459e-03 3.259804472327232361e-02 9.994527697563171387e-01 4.875025939941406250e+01
9.999799132347106934e-01 4.895406309515237808e-03 -4.130003042519092560e-03 -3.517597615718841553e-01 -5.020936485379934311e-03 9.995082616806030273e-01 -3.095250762999057770e-02 -1.881527304649353027e+00 3.976449370384216309e-03 3.097261302173137665e-02 9.995121359825134277e-01 5.016786193847656250e+01
9.999768733978271484e-01 5.265729501843452454e-03 -4.392241593450307846e-03 -3.558280169963836670e-01 -5.402740091085433960e-03 9.994800686836242676e-01 -3.178820013999938965e-02 -1.944652318954467773e+00 4.222571849822998047e-03 3.181118518114089966e-02 9.994848370552062988e-01 5.159542465209960938e+01
9.999745488166809082e-01 5.273697432130575180e-03 -4.873327910900115967e-03 -3.644071519374847412e-01 -5.424249451607465744e-03 9.994917511940002441e-01 -3.141431137919425964e-02 -2.017033815383911133e+00 4.705183207988739014e-03 3.143993765115737915e-02 9.994944334030151367e-01 5.304430770874023438e+01
9.999797344207763672e-01 5.119590554386377335e-03 -3.869794774800539017e-03 -3.691644072532653809e-01 -5.243012215942144394e-03 9.994552135467529297e-01 -3.258635476231575012e-02 -2.082725286483764648e+00 3.700859844684600830e-03 3.260597586631774902e-02 9.994612932205200195e-01 5.448274612426757812e+01
9.999798536300659180e-01 5.522313993424177170e-03 -3.255608258768916130e-03 -3.760661184787750244e-01 -5.623968318104743958e-03 9.994692802429199219e-01 -3.208924084901809692e-02 -2.156488180160522461e+00 3.076675813645124435e-03 3.210689127445220947e-02 9.994795918464660645e-01 5.594263458251953125e+01
9.999814033508300781e-01 5.680218804627656937e-03 -2.396935597062110901e-03 -3.807961344718933105e-01 -5.756563972681760788e-03 9.994339942932128906e-01 -3.314693272113800049e-02 -2.227462768554687500e+00 2.207299927249550819e-03 3.316009789705276489e-02 9.994474649429321289e-01 5.738552856445312500e+01
9.999801516532897949e-01 6.233479827642440796e-03 -1.275691203773021698e-03 -3.824966847896575928e-01 -6.273887120187282562e-03 9.993817210197448730e-01 -3.459664806723594666e-02 -2.301531553268432617e+00 1.059248577803373337e-03 3.460394591093063354e-02 9.994003772735595703e-01 5.880285263061523438e+01
9.999774694442749023e-01 6.734980735927820206e-03 7.474756566807627678e-04 -3.810822665691375732e-01 -6.703476421535015106e-03 9.993209838867187500e-01 -3.623271360993385315e-02 -2.376784801483154297e+00 -9.909898508340120316e-04 3.622686862945556641e-02 9.993429183959960938e-01 6.024183654785156250e+01
9.999715685844421387e-01 7.336313370615243912e-03 1.993681304156780243e-03 -3.763483166694641113e-01 -7.264649029821157455e-03 9.994007945060729980e-01 -3.384511172771453857e-02 -2.451083183288574219e+00 -2.240778878331184387e-03 3.382964432239532471e-02 9.994249343872070312e-01 6.166283798217773438e+01
9.999688863754272461e-01 7.728041615337133408e-03 1.868954510428011417e-03 -3.722625076770782471e-01 -7.651924621313810349e-03 9.992567300796508789e-01 -3.778257966041564941e-02 -2.520226478576660156e+00 -2.159544965252280235e-03 3.776707500219345093e-02 9.992840886116027832e-01 6.308126068115234375e+01
9.999651908874511719e-01 7.654832676053047180e-03 3.474441356956958771e-03 -3.678620755672454834e-01 -7.506027352064847946e-03 9.991313815116882324e-01 -4.099062830209732056e-02 -2.602523326873779297e+00 -3.785192966461181641e-03 4.096309095621109009e-02 9.991533160209655762e-01 6.454621124267578125e+01
9.999654889106750488e-01 7.223115302622318268e-03 4.236372653394937515e-03 -3.589975237846374512e-01 -7.022516336292028427e-03 9.989354014396667480e-01 -4.559390246868133545e-02 -2.682682275772094727e+00 -4.561184905469417572e-03 4.556254297494888306e-02 9.989508986473083496e-01 6.597924804687500000e+01
9.999537467956542969e-01 7.108963560312986374e-03 6.563560571521520615e-03 -3.510133326053619385e-01 -6.806183140724897385e-03 9.989613890647888184e-01 -4.505392163991928101e-02 -2.767442941665649414e+00 -6.877020932734012604e-03 4.500712826848030090e-02 9.989628195762634277e-01 6.739435577392578125e+01
9.999619126319885254e-01 6.787445396184921265e-03 5.580298602581024170e-03 -3.417091965675354004e-01 -6.520737428218126297e-03 9.988970756530761719e-01 -4.649802669882774353e-02 -2.855271577835083008e+00 -5.889738444238901138e-03 4.645983129739761353e-02 9.989026188850402832e-01 6.882329559326171875e+01
9.999626278877258301e-01 7.075735367834568024e-03 5.069458391517400742e-03 -3.334345519542694092e-01 -6.840037181973457336e-03 9.989594221115112305e-01 -4.509222134947776794e-02 -2.941449880599975586e+00 -5.383235868066549301e-03 4.505582526326179504e-02 9.989697933197021484e-01 7.024108123779296875e+01
9.999554753303527832e-01 7.988265715539455414e-03 5.122545175254344940e-03 -3.245586752891540527e-01 -7.760623469948768616e-03 9.990442395210266113e-01 -4.301675409078598022e-02 -3.026507616043090820e+00 -5.461269523948431015e-03 4.297504946589469910e-02 9.990610480308532715e-01 7.168096923828125000e+01
9.999495744705200195e-01 8.440638892352581024e-03 5.536953918635845184e-03 -3.150043487548828125e-01 -8.199919015169143677e-03 9.990779161453247070e-01 -4.214452207088470459e-02 -3.105784893035888672e+00 -5.887565668672323227e-03 4.209695756435394287e-02 9.990959763526916504e-01 7.308739471435546875e+01
9.999439120292663574e-01 9.486666880548000336e-03 4.820389207452535629e-03 -3.082645833492279053e-01 -9.276348166167736053e-03 9.990777373313903809e-01 -4.192448407411575317e-02 -3.188233613967895508e+00 -5.213658325374126434e-03 4.187737777829170227e-02 9.991089105606079102e-01 7.454365539550781250e+01
9.999582171440124512e-01 7.630083709955215454e-03 5.137590691447257996e-03 -3.009766936302185059e-01 -7.378348149359226227e-03 9.988510012626647949e-01 -4.735273867845535278e-02 -3.275121927261352539e+00 -5.492981988936662674e-03 4.731281101703643799e-02 9.988647103309631348e-01 7.597728729248046875e+01
9.999536871910095215e-01 8.277591317892074585e-03 5.011486820876598358e-03 -2.936840653419494629e-01 -8.028396405279636383e-03 9.988220930099487305e-01 -4.785376787185668945e-02 -3.366069316864013672e+00 -5.401686299592256546e-03 4.781127348542213440e-02 9.988414645195007324e-01 7.738450622558593750e+01
9.999321699142456055e-01 9.715554304420948029e-03 6.511200685054063797e-03 -2.842062413692474365e-01 -9.383547119796276093e-03 9.987441897392272949e-01 -4.921446740627288818e-02 -3.451931715011596680e+00 -6.981157697737216949e-03 4.914998263120651245e-02 9.987667202949523926e-01 7.874488830566406250e+01
9.999260902404785156e-01 9.306532330811023712e-03 7.894357666373252869e-03 -2.744109630584716797e-01 -8.891832083463668823e-03 9.986574649810791016e-01 -5.103206261992454529e-02 -3.546286106109619141e+00 -8.358677849173545837e-03 5.095804482698440552e-02 9.986655116081237793e-01 8.010240936279296875e+01
9.999199509620666504e-01 9.439003653824329376e-03 8.497121743857860565e-03 -2.595942616462707520e-01 -8.971453644335269928e-03 9.985288977622985840e-01 -5.347513779997825623e-02 -3.637200117111206055e+00 -8.989359252154827118e-03 5.339456722140312195e-02 9.985327124595642090e-01 8.144959259033203125e+01
9.999062418937683105e-01 1.003678515553474426e-02 9.373940527439117432e-03 -2.451131492853164673e-01 -9.507592767477035522e-03 9.984474182128906250e-01 -5.488625913858413696e-02 -3.729940891265869141e+00 -9.910251945257186890e-03 5.479193106293678284e-02 9.984483122825622559e-01 8.280410766601562500e+01
9.998939037322998047e-01 1.034818217158317566e-02 1.030833646655082703e-02 -2.309820353984832764e-01 -9.765392169356346130e-03 9.984350800514221191e-01 -5.506525188684463501e-02 -3.832936048507690430e+00 -1.086201332509517670e-02 5.495868623256683350e-02 9.984292387962341309e-01 8.424086761474609375e+01
9.998893141746520996e-01 9.944088757038116455e-03 1.112078037112951279e-02 -2.140440791845321655e-01 -9.324290789663791656e-03 9.984725117683410645e-01 -5.446018651127815247e-02 -3.932945489883422852e+00 -1.164533291012048721e-02 5.435040965676307678e-02 9.984536767005920410e-01 8.560095977783203125e+01
9.999060034751892090e-01 9.936510585248470306e-03 9.505762718617916107e-03 -1.974349766969680786e-01 -9.392458945512771606e-03 9.984056949615478516e-01 -5.566006898880004883e-02 -4.031013011932373047e+00 -1.004365924745798111e-02 5.556550621986389160e-02 9.984042048454284668e-01 8.705002593994140625e+01
9.998864531517028809e-01 1.117996126413345337e-02 1.016140636056661606e-02 -1.832774132490158081e-01 -1.061028987169265747e-02 9.984583258628845215e-01 -5.448456108570098877e-02 -4.132463932037353516e+00 -1.075485907495021820e-02 5.437050759792327881e-02 9.984626173973083496e-01 8.840776062011718750e+01
9.998649954795837402e-01 1.201024837791919708e-02 1.126552745699882507e-02 -1.701245158910751343e-01 -1.138141378760337830e-02 9.984592199325561523e-01 -5.431297793984413147e-02 -4.233831405639648438e+00 -1.190046314150094986e-02 5.417737737298011780e-02 9.984601736068725586e-01 8.979766845703125000e+01
9.998468160629272461e-01 1.210323628038167953e-02 1.269119698554277420e-02 -1.530646532773971558e-01 -1.139694638550281525e-02 9.984586834907531738e-01 -5.431951954960823059e-02 -4.335803031921386719e+00 -1.332905702292919159e-02 5.416650697588920593e-02 9.984427094459533691e-01 9.119863891601562500e+01
9.998331665992736816e-01 1.168295182287693024e-02 1.408452540636062622e-02 -1.333794444799423218e-01 -1.092499308288097382e-02 9.985485672950744629e-01 -5.274042487144470215e-02 -4.432691574096679688e+00 -1.468022447079420090e-02 5.257770046591758728e-02 9.985086917877197266e-01 9.254133605957031250e+01
9.998202323913574219e-01 1.248455885797739029e-02 1.431015785783529282e-02 -1.125534921884536743e-01 -1.170044858008623123e-02 9.984925985336303711e-01 -5.362582951784133911e-02 -4.523402690887451172e+00 -1.495805941522121429e-02 5.344870314002037048e-02 9.984583258628845215e-01 9.388883209228515625e+01
9.997976422309875488e-01 1.317911036312580109e-02 1.523839868605136871e-02 -9.258192032575607300e-02 -1.233703643083572388e-02 9.984597563743591309e-01 -5.409184098243713379e-02 -4.623064041137695312e+00 -1.592778787016868591e-02 5.389284715056419373e-02 9.984194636344909668e-01 9.526734924316406250e+01
9.997748732566833496e-01 1.360310893505811691e-02 1.632524095475673676e-02 -6.864475458860397339e-02 -1.271429937332868576e-02 9.984941482543945312e-01 -5.336463823914527893e-02 -4.717201232910156250e+00 -1.702655851840972900e-02 5.314500257372856140e-02 9.984414577484130859e-01 9.662279510498046875e+01
9.997659921646118164e-01 1.350329536944627762e-02 1.694434322416782379e-02 -4.246477037668228149e-02 -1.257757470011711121e-02 9.984833002090454102e-01 -5.359837040305137634e-02 -4.809764862060546875e+00 -1.764237321913242340e-02 5.337264388799667358e-02 9.984186291694641113e-01 9.798561859130859375e+01
9.997256398200988770e-01 1.480178348720073700e-02 1.819554343819618225e-02 -1.528740115463733673e-02 -1.379855349659919739e-02 9.984413981437683105e-01 -5.407655611634254456e-02 -4.901244163513183594e+00 -1.896758563816547394e-02 5.381057783961296082e-02 9.983708262443542480e-01 9.933752441406250000e+01
9.996926784515380859e-01 1.549477223306894302e-02 1.939113438129425049e-02 1.373582892119884491e-02 -1.443124096840620041e-02 9.984455704689025879e-01 -5.383332818746566772e-02 -4.992084503173828125e+00 -2.019509859383106232e-02 5.353686958551406860e-02 9.983614683151245117e-01 1.006797103881835938e+02
9.996609091758728027e-01 1.662933267652988434e-02 2.007624693214893341e-02 4.351735487580299377e-02 -1.548993866890668869e-02 9.983310699462890625e-01 -5.563293397426605225e-02 -5.084459781646728516e+00 -2.096784859895706177e-02 5.530301481485366821e-02 9.982492923736572266e-01 1.020527343750000000e+02
9.996013045310974121e-01 1.719881594181060791e-02 2.242732420563697815e-02 7.272624224424362183e-02 -1.594749838113784790e-02 9.983684420585632324e-01 -5.482700467109680176e-02 -5.184821605682373047e+00 -2.333365753293037415e-02 5.444740876555442810e-02 9.982438087463378906e-01 1.034024429321289062e+02
9.995578527450561523e-01 1.770129427313804626e-02 2.392186224460601807e-02 1.054053157567977905e-01 -1.637876592576503754e-02 9.983851909637451172e-01 -5.439350754022598267e-02 -5.284985542297363281e+00 -2.484603039920330048e-02 5.397757515311241150e-02 9.982328414916992188e-01 1.047756423950195312e+02
9.995250701904296875e-01 1.815552823245525360e-02 2.492891252040863037e-02 1.423197388648986816e-01 -1.671275123953819275e-02 9.982392787933349609e-01 -5.691202357411384583e-02 -5.379698276519775391e+00 -2.591824717819690704e-02 5.646829307079315186e-02 9.980677962303161621e-01 1.061156921386718750e+02
9.994544386863708496e-01 1.873141154646873474e-02 2.722957357764244080e-02 1.783491820096969604e-01 -1.717347837984561920e-02 9.982625246047973633e-01 -5.636391788721084595e-02 -5.477160930633544922e+00 -2.823799662292003632e-02 5.586547031998634338e-02 9.980387687683105469e-01 1.074673309326171875e+02
9.993758797645568848e-01 1.891741156578063965e-02 2.985727600753307343e-02 2.193437218666076660e-01 -1.721959747374057770e-02 9.982748031616210938e-01 -5.613147839903831482e-02 -5.581798076629638672e+00 -3.086758591234683990e-02 5.558224394917488098e-02 9.979767203330993652e-01 1.088659667968750000e+02
9.993638992309570312e-01 1.877990365028381348e-02 3.034142777323722839e-02 2.595278918743133545e-01 -1.711903512477874756e-02 9.983885884284973145e-01 -5.410109460353851318e-02 -5.682332515716552734e+00 -3.130850568413734436e-02 5.354719236493110657e-02 9.980742335319519043e-01 1.102015914916992188e+02
9.992783665657043457e-01 2.012171410024166107e-02 3.223984688520431519e-02 3.035874366760253906e-01 -1.837699674069881439e-02 9.983971118927001953e-01 -5.352805927395820618e-02 -5.773603439331054688e+00 -3.326520323753356934e-02 5.289688706398010254e-02 9.980456233024597168e-01 1.115330200195312500e+02
9.992252588272094727e-01 2.121573686599731445e-02 3.317126631736755371e-02 3.506387472152709961e-01 -1.940999925136566162e-02 9.983606338500976562e-01 -5.384196341037750244e-02 -5.866407394409179688e+00 -3.425914049148559570e-02 5.315632373094558716e-02 9.979982376098632812e-01 1.128993911743164062e+02
9.991427659988403320e-01 2.183994464576244354e-02 3.518994897603988647e-02 3.995414376258850098e-01 -1.976939663290977478e-02 9.981119632720947266e-01 -5.814933031797409058e-02 -5.960696220397949219e+00 -3.639344498515129089e-02 5.740372464060783386e-02 9.976873397827148438e-01 1.142361526489257812e+02
9.990898370742797852e-01 2.200702019035816193e-02 3.656272590160369873e-02 4.516026973724365234e-01 -1.970438286662101746e-02 9.978698492050170898e-01 -6.218636035919189453e-02 -6.061447620391845703e+00 -3.785333409905433655e-02 6.140923500061035156e-02 9.973944425582885742e-01 1.155776214599609375e+02
9.990342855453491211e-01 2.236102707684040070e-02 3.784289583563804626e-02 5.037679076194763184e-01 -1.989951729774475098e-02 9.977374076843261719e-01 -6.421662122011184692e-02 -6.168504714965820312e+00 -3.919317945837974548e-02 6.340147554874420166e-02 9.972180128097534180e-01 1.169153671264648438e+02
9.989470839500427246e-01 2.241254784166812897e-02 4.005046933889389038e-02 5.582649111747741699e-01 -1.984191127121448517e-02 9.977864623069763184e-01 -6.346813589334487915e-02 -6.279034137725830078e+00 -4.138425737619400024e-02 6.260655075311660767e-02 9.971796870231628418e-01 1.182634811401367188e+02
9.989082217216491699e-01 2.332988567650318146e-02 4.049460589885711670e-02 6.159085035324096680e-01 -2.079010382294654846e-02 9.978566765785217285e-01 -6.204498931765556335e-02 -6.387074470520019531e+00 -4.185527190566062927e-02 6.113528460264205933e-02 9.972512722015380859e-01 1.196336898803710938e+02
9.988639354705810547e-01 2.439631894230842590e-02 4.095590114593505859e-02 6.734836697578430176e-01 -2.187958545982837677e-02 9.979092478752136230e-01 -6.081163510680198669e-02 -6.498433589935302734e+00 -4.235381260514259338e-02 5.984637513756752014e-02 9.973083734512329102e-01 1.210174789428710938e+02
9.988139867782592773e-01 2.449484914541244507e-02 4.209991917014122009e-02 7.305836677551269531e-01 -2.170377783477306366e-02 9.976149201393127441e-01 -6.552039831876754761e-02 -6.602001667022705078e+00 -4.360438138246536255e-02 6.452888250350952148e-02 9.969624876976013184e-01 1.223380584716796875e+02
9.987568259239196777e-01 2.518311329185962677e-02 4.303883016109466553e-02 7.914758920669555664e-01 -2.233834005892276764e-02 9.976123571395874023e-01 -6.534629315137863159e-02 -6.711518764495849609e+00 -4.458165168762207031e-02 6.430356204509735107e-02 9.969338178634643555e-01 1.237048339843750000e+02
9.986764788627624512e-01 2.598606422543525696e-02 4.440477490425109863e-02 8.524776697158813477e-01 -2.303756400942802429e-02 9.975752830505371094e-01 -6.566847860813140869e-02 -6.820707798004150391e+00 -4.600353538990020752e-02 6.455850601196289062e-02 9.968526959419250488e-01 1.250682983398437500e+02
9.986304044723510742e-01 2.700907364487648010e-02 4.482850059866905212e-02 9.163685441017150879e-01 -2.397559769451618195e-02 9.974728226661682129e-01 -6.687860190868377686e-02 -6.932724952697753906e+00 -4.652150347828865051e-02 6.571213155984878540e-02 9.967532753944396973e-01 1.264485855102539062e+02
9.985923171043395996e-01 2.731119096279144287e-02 4.548881202936172485e-02 9.812477231025695801e-01 -2.422098629176616669e-02 9.974486231803894043e-01 -6.715121120214462280e-02 -7.046095848083496094e+00 -4.720669239759445190e-02 6.595481187105178833e-02 9.967050552368164062e-01 1.278115234375000000e+02
9.984812736511230469e-01 2.844234183430671692e-02 4.720170795917510986e-02 1.044482707977294922e+00 -2.509706653654575348e-02 9.972303509712219238e-01 -7.001073658466339111e-02 -7.158589839935302734e+00 -4.906220361590385437e-02 6.871969252824783325e-02 9.964286088943481445e-01 1.291378021240234375e+02
9.984150528907775879e-01 2.866209298372268677e-02 4.845210909843444824e-02 1.110649704933166504e+00 -2.519972808659076691e-02 9.971849322319030762e-01 -7.061875611543655396e-02 -7.281071186065673828e+00 -5.033974722027778625e-02 6.928575038909912109e-02 9.963256716728210449e-01 1.305048065185546875e+02
9.983062744140625000e-01 2.870494686067104340e-02 5.061887577176094055e-02 1.178528666496276855e+00 -2.507678419351577759e-02 9.971674680709838867e-01 -7.090899348258972168e-02 -7.402964115142822266e+00 -5.251088365912437439e-02 6.951943784952163696e-02 9.961973428726196289e-01 1.318672332763671875e+02
9.982841610908508301e-01 2.873656898736953735e-02 5.103650316596031189e-02 1.249022841453552246e+00 -2.510445006191730499e-02 9.972003698348999023e-01 -7.043491303920745850e-02 -7.526298999786376953e+00 -5.291762202978134155e-02 6.903271377086639404e-02 9.962096810340881348e-01 1.332392272949218750e+02
9.981934428215026855e-01 2.898671664297580719e-02 5.264304950833320618e-02 1.318929433822631836e+00 -2.528804168105125427e-02 9.972532987594604492e-01 -6.961504369974136353e-02 -7.647966861724853516e+00 -5.451630800962448120e-02 6.815793365240097046e-02 9.961836934089660645e-01 1.345980682373046875e+02
9.980816841125488281e-01 2.950147725641727448e-02 5.444512888789176941e-02 1.392182350158691406e+00 -2.574031986296176910e-02 9.973165988922119141e-01 -6.853465735912322998e-02 -7.760863304138183594e+00 -5.632084235548973083e-02 6.700164824724197388e-02 9.961617588996887207e-01 1.359328613281250000e+02
9.980403780937194824e-01 2.919153496623039246e-02 5.536181852221488953e-02 1.470849156379699707e+00 -2.540494874119758606e-02 9.973680377006530762e-01 -6.790862232446670532e-02 -7.883506774902343750e+00 -5.719840526580810547e-02 6.636897474527359009e-02 9.961541295051574707e-01 1.373198852539062500e+02
9.979963302612304688e-01 2.953036129474639893e-02 5.597262457013130188e-02 1.547317862510681152e+00 -2.569843642413616180e-02 9.973552823066711426e-01 -6.798544526100158691e-02 -7.999141693115234375e+00 -5.783216655254364014e-02 6.641071289777755737e-02 9.961147904396057129e-01 1.386663055419921875e+02
9.979265928268432617e-01 3.016221337020397186e-02 5.687132105231285095e-02 1.627601861953735352e+00 -2.637195959687232971e-02 9.974540472030639648e-01 -6.625740975141525269e-02 -8.111660957336425781e+00 -5.872493609786033630e-02 6.462012231349945068e-02 9.961802959442138672e-01 1.400184783935546875e+02
9.978853464126586914e-01 3.013599291443824768e-02 5.760445445775985718e-02 1.706280231475830078e+00 -2.629837766289710999e-02 9.974561333656311035e-01 -6.625476479530334473e-02 -8.226182937622070312e+00 -5.945450812578201294e-02 6.459965556859970093e-02 9.961383342742919922e-01 1.413793945312500000e+02
9.978505373001098633e-01 3.011437319219112396e-02 5.821504443883895874e-02 1.784347057342529297e+00 -2.626785822212696075e-02 9.974905848503112793e-01 -6.574604660272598267e-02 -8.338943481445312500e+00 -6.004879623651504517e-02 6.407545506954193115e-02 9.961365461349487305e-01 1.427023620605468750e+02
9.977098703384399414e-01 3.106654062867164612e-02 6.009529531002044678e-02 1.866100549697875977e+00 -2.715258300304412842e-02 9.975233078002929688e-01 -6.488365679979324341e-02 -8.447354316711425781e+00 -6.196210905909538269e-02 6.310323625802993774e-02 9.960814118385314941e-01 1.440425109863281250e+02
9.976056218147277832e-01 3.164375945925712585e-02 6.150794774293899536e-02 1.950171589851379395e+00 -2.758975885808467865e-02 9.974593520164489746e-01 -6.567718833684921265e-02 -8.555600166320800781e+00 -6.342989206314086914e-02 6.382285058498382568e-02 9.959431886672973633e-01 1.453919372558593750e+02
9.975045919418334961e-01 3.194265440106391907e-02 6.297454982995986938e-02 2.037560701370239258e+00 -2.751446142792701721e-02 9.971693754196166992e-01 -6.997171044349670410e-02 -8.666212081909179688e+00 -6.503131985664367676e-02 6.806429475545883179e-02 9.955590367317199707e-01 1.467467956542968750e+02
9.973896741867065430e-01 3.235013037919998169e-02 6.456688046455383301e-02 2.126288175582885742e+00 -2.791462838649749756e-02 9.972636103630065918e-01 -6.845378875732421875e-02 -8.786917686462402344e+00 -6.660464406013488770e-02 6.647263467311859131e-02 9.955625534057617188e-01 1.481137390136718750e+02
9.972621202468872070e-01 3.288981691002845764e-02 6.624252349138259888e-02 2.216694116592407227e+00 -2.849078923463821411e-02 9.973933696746826172e-01 -6.629122793674468994e-02 -8.896015167236328125e+00 -6.825011968612670898e-02 6.422232836484909058e-02 9.955987930297851562e-01 1.494347381591796875e+02
9.971201419830322266e-01 3.372801840305328369e-02 6.793736666440963745e-02 2.310788154602050781e+00 -2.939994446933269501e-02 9.975339770317077637e-01 -6.372883170843124390e-02 -9.004693031311035156e+00 -6.991925090551376343e-02 6.154784187674522400e-02 9.956519007682800293e-01 1.507860107421875000e+02
9.971476197242736816e-01 3.323025628924369812e-02 6.777957826852798462e-02 2.404205083847045898e+00 -2.873196452856063843e-02 9.973862767219543457e-01 -6.629419326782226562e-02 -9.117444038391113281e+00 -6.980536133050918579e-02 6.415756046772003174e-02 9.954950809478759766e-01 1.521403045654296875e+02
9.971096515655517578e-01 3.300822526216506958e-02 6.844292581081390381e-02 2.499622106552124023e+00 -2.841780707240104675e-02 9.973487854003906250e-01 -6.699072569608688354e-02 -9.229163169860839844e+00 -7.047266513109207153e-02 6.485199928283691406e-02 9.954030513763427734e-01 1.534858093261718750e+02
9.970237016677856445e-01 3.348033875226974487e-02 6.945802271366119385e-02 2.593313932418823242e+00 -2.860944718122482300e-02 9.971384406089782715e-01 -6.997365504503250122e-02 -9.347635269165039062e+00 -7.160196453332901001e-02 6.777813285589218140e-02 9.951274394989013672e-01 1.548406219482421875e+02
9.969034790992736816e-01 3.409467265009880066e-02 7.087093591690063477e-02 2.692614316940307617e+00 -2.898490056395530701e-02 9.969893097877502441e-01 -7.191767543554306030e-02 -9.465030670166015625e+00 -7.310952991247177124e-02 6.964068114757537842e-02 9.948891997337341309e-01 1.561891632080078125e+02
9.967722296714782715e-01 3.451810032129287720e-02 7.249332219362258911e-02 2.793329477310180664e+00 -2.952033840119838715e-02 9.971856474876403809e-01 -6.891532242298126221e-02 -9.580084800720214844e+00 -7.466808706521987915e-02 6.655273586511611938e-02 9.949848055839538574e-01 1.575383453369140625e+02
9.966298341751098633e-01 3.490111604332923889e-02 7.424712181091308594e-02 2.896009922027587891e+00 -3.002034313976764679e-02 9.973767399787902832e-01 -6.586639583110809326e-02 -9.692061424255371094e+00 -7.635111361742019653e-02 6.341537833213806152e-02 9.950619935989379883e-01 1.588856201171875000e+02
9.966322183609008789e-01 3.510974347591400146e-02 7.411710172891616821e-02 2.995562791824340820e+00 -3.021040745079517365e-02 9.973476529121398926e-01 -6.621892005205154419e-02 -9.799756050109863281e+00 -7.624540477991104126e-02 6.375668197870254517e-02 9.950482845306396484e-01 1.601824645996093750e+02
9.967020153999328613e-01 3.543920069932937622e-02 7.301320880651473999e-02 3.088582754135131836e+00 -3.034405037760734558e-02 9.971029758453369141e-01 -6.974840164184570312e-02 -9.898595809936523438e+00 -7.527346909046173096e-02 6.730273365974426270e-02 9.948887825012207031e-01 1.613460235595703125e+02
9.966273903846740723e-01 3.489154949784278870e-02 7.428497076034545898e-02 3.190352439880371094e+00 -2.975485660135746002e-02 9.971613287925720215e-01 -6.916603446006774902e-02 -1.002177238464355469e+01 -7.648736238479614258e-02 6.672230362892150879e-02 9.948353171348571777e-01 1.627231903076171875e+02
9.965520501136779785e-01 3.518389910459518433e-02 7.515227049589157104e-02 3.293889522552490234e+00 -3.009116090834140778e-02 9.972413778305053711e-01 -6.785457581281661987e-02 -1.013998031616210938e+01 -7.733228802680969238e-02 6.535908579826354980e-02 9.948604702949523926e-01 1.640897979736328125e+02
9.964351058006286621e-01 3.522063419222831726e-02 7.667037844657897949e-02 3.397651433944702148e+00 -2.989981882274150848e-02 9.971356391906738281e-01 -6.947294622659683228e-02 -1.025871086120605469e+01 -7.889760285615921021e-02 6.693273782730102539e-02 9.946328997611999512e-01 1.654246368408203125e+02
9.962049722671508789e-01 3.642504662275314331e-02 7.906118780374526978e-02 3.505079269409179688e+00 -3.056682832539081573e-02 9.967835545539855957e-01 -7.408255338668823242e-02 -1.037303924560546875e+01 -8.150529861450195312e-02 7.138463109731674194e-02 9.941129088401794434e-01 1.667474670410156250e+02
9.961261153221130371e-01 3.692569956183433533e-02 7.981876283884048462e-02 3.614093303680419922e+00 -3.098475001752376556e-02 9.967448711395263672e-01 -7.442837208509445190e-02 -1.049220943450927734e+01 -8.230720460414886475e-02 7.166675478219985962e-02 9.940265417098999023e-01 1.681037750244140625e+02
9.959998726844787598e-01 3.718788176774978638e-02 8.125881850719451904e-02 3.726480245590209961e+00 -3.119193017482757568e-02 9.967813491821289062e-01 -7.385075837373733521e-02 -1.061945819854736328e+01 -8.374356478452682495e-02 7.102060317993164062e-02 9.939529299736022949e-01 1.694616851806640625e+02
9.957892298698425293e-01 3.822215273976325989e-02 8.333437889814376831e-02 3.835786819458007812e+00 -3.176996111869812012e-02 9.964920878410339355e-01 -7.742164283990859985e-02 -1.074387073516845703e+01 -8.600120246410369873e-02 7.444798201322555542e-02 9.935092329978942871e-01 1.707945098876953125e+02
9.955636262893676758e-01 3.788446262478828430e-02 8.613649755716323853e-02 3.950987100601196289e+00 -3.088807873427867889e-02 9.962227940559387207e-01 -8.115391433238983154e-02 -1.087321853637695312e+01 -8.888554573059082031e-02 7.813317328691482544e-02 9.929722547531127930e-01 1.721291503906250000e+02
9.956183433532714844e-01 3.947304934263229370e-02 8.478035777807235718e-02 4.068866252899169922e+00 -3.257506713271141052e-02 9.961605072021484375e-01 -8.125887066125869751e-02 -1.100625801086425781e+01 -8.766230940818786621e-02 7.814097404479980469e-02 9.930803775787353516e-01 1.734939727783203125e+02
9.957173466682434082e-01 3.902763128280639648e-02 8.381827175617218018e-02 4.184019088745117188e+00 -3.221185505390167236e-02 9.961785078048706055e-01 -8.118261396884918213e-02 -1.113996219635009766e+01 -8.666624873876571655e-02 7.813487201929092407e-02 9.931682944297790527e-01 1.748874359130859375e+02
9.956519007682800293e-01 4.010352119803428650e-02 8.408681303262710571e-02 4.301307678222656250e+00 -3.323191776871681213e-02 9.961121082305908203e-01 -8.158458024263381958e-02 -1.127945613861083984e+01 -8.703164756298065186e-02 7.843535393476486206e-02 9.931126832962036133e-01 1.763049621582031250e+02
9.956218004226684570e-01 3.968537971377372742e-02 8.463995158672332764e-02 4.415016651153564453e+00 -3.277373686432838440e-02 9.961308836936950684e-01 -8.154060691595077515e-02 -1.141224193572998047e+01 -8.754836767911911011e-02 7.840951532125473022e-02 9.930692911148071289e-01 1.776376953125000000e+02
9.955632090568542480e-01 3.957443311810493469e-02 8.537846058607101440e-02 4.535570621490478516e+00 -3.253947570919990540e-02 9.960785508155822754e-01 -8.227068185806274414e-02 -1.155355453491210938e+01 -8.829938620328903198e-02 7.912736386060714722e-02 9.929458498954772949e-01 1.790649566650390625e+02
9.956128001213073730e-01 4.019606113433837891e-02 8.450523763895034790e-02 4.657406806945800781e+00 -3.332326561212539673e-02 9.961385726928710938e-01 -8.122311532497406006e-02 -1.169019699096679688e+01 -8.744370192289352417e-02 7.805065810680389404e-02 9.931067824363708496e-01 1.804414215087890625e+02
9.957230687141418457e-01 4.084256291389465332e-02 8.288072049617767334e-02 4.777239322662353516e+00 -3.389870375394821167e-02 9.959287643432617188e-01 -8.352449536323547363e-02 -1.182330036163330078e+01 -8.595458418130874634e-02 8.035758882761001587e-02 9.930527210235595703e-01 1.818281860351562500e+02
9.958768486976623535e-01 4.143188521265983582e-02 8.071219176054000854e-02 4.890099048614501953e+00 -3.414835408329963684e-02 9.953902959823608398e-01 -8.961909264326095581e-02 -1.195764636993408203e+01 -8.405315876007080078e-02 8.649326115846633911e-02 9.926999211311340332e-01 1.831635589599609375e+02
9.958378672599792480e-01 4.245888814330101013e-02 8.065892755985260010e-02 5.005164146423339844e+00 -3.517212346196174622e-02 9.953467845916748047e-01 -8.970612287521362305e-02 -1.210346412658691406e+01 -8.409236371517181396e-02 8.649568259716033936e-02 9.926964044570922852e-01 1.845573577880859375e+02
9.957547187805175781e-01 4.378676787018775940e-02 8.097485452890396118e-02 5.119476795196533203e+00 -3.635362535715103149e-02 9.951781630516052246e-01 -9.109443426132202148e-02 -1.224990081787109375e+01 -8.457308262586593628e-02 8.776385337114334106e-02 9.925442337989807129e-01 1.859695587158203125e+02
9.956583380699157715e-01 4.439380392432212830e-02 8.182463049888610840e-02 5.235326290130615234e+00 -3.701645135879516602e-02 9.952920675277709961e-01 -8.957055956125259399e-02 -1.240398502349853516e+01 -8.541572839021682739e-02 8.615268766880035400e-02 9.926131963729858398e-01 1.873977813720703125e+02
9.957186579704284668e-01 4.511276260018348694e-02 8.068885654211044312e-02 5.353648662567138672e+00 -3.785400465130805969e-02 9.952820539474487305e-01 -8.933087438344955444e-02 -1.255352783203125000e+01 -8.433807641267776489e-02 8.589389920234680176e-02 9.927277565002441406e-01 1.888264160156250000e+02
9.957016110420227051e-01 4.481110721826553345e-02 8.106611669063568115e-02 5.471914291381835938e+00 -3.753720968961715698e-02 9.953122735023498535e-01 -8.912733197212219238e-02 -1.270950126647949219e+01 -8.467993885278701782e-02 8.570110797882080078e-02 9.927152991294860840e-01 1.902734527587890625e+02
9.958046674728393555e-01 4.447166249155998230e-02 7.997947931289672852e-02 5.586984634399414062e+00 -3.725662827491760254e-02 9.952853918075561523e-01 -8.954408019781112671e-02 -1.285420989990234375e+01 -8.358453214168548584e-02 8.618852496147155762e-02 9.927659630775451660e-01 1.916691894531250000e+02
9.958066344261169434e-01 4.400616139173507690e-02 8.021206408739089966e-02 5.703545570373535156e+00 -3.677598014473915100e-02 9.953083992004394531e-01 -8.948724716901779175e-02 -1.300934600830078125e+01 -8.377368748188018799e-02 8.616199344396591187e-02 9.927523732185363770e-01 1.931199645996093750e+02
9.957996010780334473e-01 4.391200095415115356e-02 8.035080134868621826e-02 5.819359779357910156e+00 -3.676830232143402100e-02 9.954127669334411621e-01 -8.832173794507980347e-02 -1.316617488861083984e+01 -8.386056125164031982e-02 8.499626815319061279e-02 9.928454756736755371e-01 1.945682830810546875e+02
9.956879019737243652e-01 4.385950788855552673e-02 8.175140619277954102e-02 5.941095352172851562e+00 -3.673782944679260254e-02 9.955590963363647461e-01 -8.666934072971343994e-02 -1.331265640258789062e+01 -8.518959581851959229e-02 8.329211920499801636e-02 9.928767681121826172e-01 1.960086669921875000e+02
9.956849217414855957e-01 4.461598396301269531e-02 8.137742429971694946e-02 6.057858943939208984e+00 -3.746829554438591003e-02 9.954733252525329590e-01 -8.733905106782913208e-02 -1.345482921600341797e+01 -8.490574359893798828e-02 8.391297608613967896e-02 9.928488135337829590e-01 1.974165954589843750e+02
9.956880807876586914e-01 4.506725445389747620e-02 8.108954131603240967e-02 6.175841331481933594e+00 -3.779476881027221680e-02 9.953061938285827637e-01 -8.908591419458389282e-02 -1.359936904907226562e+01 -8.472374826669692993e-02 8.563689142465591431e-02 9.927171468734741211e-01 1.988202514648437500e+02
9.954901933670043945e-01 4.514821991324424744e-02 8.343985676765441895e-02 6.291072845458984375e+00 -3.744165226817131042e-02 9.950799942016601562e-01 -9.172251820564270020e-02 -1.375295257568359375e+01 -8.717040717601776123e-02 8.818461000919342041e-02 9.922822117805480957e-01 2.002294769287109375e+02
9.954538941383361816e-01 4.626729711890220642e-02 8.325953036546707153e-02 6.410534858703613281e+00 -3.829849511384963989e-02 9.947507977485656738e-01 -9.488484263420104980e-02 -1.390358161926269531e+01 -8.721251785755157471e-02 9.126464277505874634e-02 9.919999837875366211e-01 2.016224670410156250e+02
9.953556060791015625e-01 4.650688916444778442e-02 8.429452031850814819e-02 6.532477855682373047e+00 -3.861580044031143188e-02 9.949221014976501465e-01 -9.293965995311737061e-02 -1.405916595458984375e+01 -8.818878978490829468e-02 8.925277739763259888e-02 9.920966625213623047e-01 2.030404357910156250e+02
9.954407811164855957e-01 4.522114992141723633e-02 8.398762345314025879e-02 6.650700092315673828e+00 -3.745902329683303833e-02 9.950720667839050293e-01 -9.180034697055816650e-02 -1.421537017822265625e+01 -8.772503584623336792e-02 8.823558688163757324e-02 9.922287464141845703e-01 2.044468078613281250e+02
9.953834414482116699e-01 4.589886590838432312e-02 8.429908007383346558e-02 6.774206161499023438e+00 -3.804545477032661438e-02 9.949837327003479004e-01 -9.251390397548675537e-02 -1.436722469329833984e+01 -8.812247216701507568e-02 8.887948095798492432e-02 9.921360611915588379e-01 2.058696289062500000e+02
9.953915476799011230e-01 4.561291635036468506e-02 8.435903489589691162e-02 6.892091274261474609e+00 -3.785216063261032104e-02 9.950929284095764160e-01 -9.141165018081665039e-02 -1.452299880981445312e+01 -8.811461180448532104e-02 8.779706805944442749e-02 9.922331571578979492e-01 2.072776947021484375e+02
9.953241944313049316e-01 4.638617113232612610e-02 8.473122864961624146e-02 7.013833999633789062e+00 -3.824333846569061279e-02 9.947114586830139160e-01 -9.531746059656143188e-02 -1.467273616790771484e+01 -8.870451152324676514e-02 9.163121879100799561e-02 9.918338656425476074e-01 2.086771392822265625e+02
9.953161478042602539e-01 4.626207798719406128e-02 8.489342778921127319e-02 7.135683536529541016e+00 -3.795926272869110107e-02 9.945658445358276367e-01 -9.693623334169387817e-02 -1.483808994293212891e+01 -8.891655504703521729e-02 9.325955808162689209e-02 9.916630983352661133e-01 2.101020965576171875e+02
9.952170252799987793e-01 4.695638269186019897e-02 8.567062020301818848e-02 7.258568763732910156e+00 -3.828841447830200195e-02 9.942341446876525879e-01 -1.001555621623992920e-01 -1.500213813781738281e+01 -8.987957984209060669e-02 9.639617055654525757e-02 9.912763237953186035e-01 2.115086517333984375e+02
9.952632188796997070e-01 4.695449024438858032e-02 8.513341099023818970e-02 7.380758285522460938e+00 -3.819357231259346008e-02 9.940742850303649902e-01 -1.017653420567512512e-01 -1.516749572753906250e+01 -8.940725773572921753e-02 9.803158789873123169e-02 9.911586642265319824e-01 2.129262084960937500e+02
9.951823949813842773e-01 4.723125696182250977e-02 8.592086285352706909e-02 7.505259990692138672e+00 -3.847964107990264893e-02 9.941611289978027344e-01 -1.008049622178077698e-01 -1.533460903167724609e+01 -9.018031507730484009e-02 9.701295942068099976e-02 9.911888241767883301e-01 2.143502502441406250e+02
9.951948523521423340e-01 4.586328566074371338e-02 8.651528507471084595e-02 7.628979206085205078e+00 -3.707534819841384888e-02 9.942371249198913574e-01 -1.005813181400299072e-01 -1.550260353088378906e+01 -9.062968939542770386e-02 9.689026325941085815e-02 9.911598563194274902e-01 2.157644805908203125e+02
9.951518774032592773e-01 4.520333930850028992e-02 8.735281229019165039e-02 7.753399372100830078e+00 -3.648217767477035522e-02 9.944201707839965820e-01 -9.897608309984207153e-02 -1.567505550384521484e+01 -9.133943915367126465e-02 9.530926495790481567e-02 9.912479519844055176e-01 2.171952209472656250e+02
9.950722455978393555e-01 4.497126117348670959e-02 8.837343007326126099e-02 7.880608558654785156e+00 -3.636995702981948853e-02 9.946542978286743164e-01 -9.663718193769454956e-02 -1.584547805786132812e+01 -9.224689751863479614e-02 9.294669330120086670e-02 9.913882017135620117e-01 2.186514587402343750e+02
9.951617121696472168e-01 4.373638704419136047e-02 8.798479288816452026e-02 8.007173538208007812e+00 -3.525666892528533936e-02 9.947828054428100586e-01 -9.572277218103408813e-02 -1.600781631469726562e+01 -9.171231091022491455e-02 9.215744584798812866e-02 9.915114641189575195e-01 2.200727996826171875e+02
9.951465129852294922e-01 4.423772171139717102e-02 8.790630102157592773e-02 8.135816574096679688e+00 -3.581464290618896484e-02 9.948142766952514648e-01 -9.518693387508392334e-02 -1.616702270507812500e+01 -9.166127443313598633e-02 9.157646447420120239e-02 9.915700554847717285e-01 2.215155792236328125e+02
9.950150847434997559e-01 4.555016010999679565e-02 8.871954679489135742e-02 8.262368202209472656e+00 -3.686895966529846191e-02 9.945867061614990234e-01 -9.714257717132568359e-02 -1.632291030883789062e+01 -9.266412258148193359e-02 9.338719397783279419e-02 9.913079142570495605e-01 2.229409179687500000e+02
9.949814081192016602e-01 4.533311352133750916e-02 8.920707553625106812e-02 8.390449523925781250e+00 -3.662063181400299072e-02 9.946109652519226074e-01 -9.698782116174697876e-02 -1.649098205566406250e+01 -9.312308579683303833e-02 9.323412179946899414e-02 9.912793040275573730e-01 2.243907165527343750e+02
9.948737621307373047e-01 4.427981004118919373e-02 9.092032909393310547e-02 8.518792152404785156e+00 -3.559293970465660095e-02 9.948365688323974609e-01 -9.503632783889770508e-02 -1.665521812438964844e+01 -9.465906023979187012e-02 9.131288528442382812e-02 9.913126230239868164e-01 2.258116149902343750e+02
9.948514699935913086e-01 4.451933130621910095e-02 9.104752540588378906e-02 8.650745391845703125e+00 -3.590474650263786316e-02 9.949089288711547852e-01 -9.415774792432785034e-02 -1.681490516662597656e+01 -9.477584064006805420e-02 9.040379524230957031e-02 9.913847446441650391e-01 2.272555084228515625e+02
9.948285818099975586e-01 4.521016031503677368e-02 9.095700830221176147e-02 8.781747817993164062e+00 -3.655336797237396240e-02 9.948351383209228516e-01 -9.468608349561691284e-02 -1.697294807434082031e+01 -9.476800262928009033e-02 9.087150543928146362e-02 9.913427829742431641e-01 2.286993255615234375e+02
9.948132038116455078e-01 4.547471925616264343e-02 9.099312871694564819e-02 8.910874366760253906e+00 -3.664549440145492554e-02 9.946619868278503418e-01 -9.645333886146545410e-02 -1.712732696533203125e+01 -9.489358216524124146e-02 9.261843562126159668e-02 9.911690950393676758e-01 2.300901794433593750e+02
9.946744441986083984e-01 4.662820324301719666e-02 9.192144870758056641e-02 9.044313430786132812e+00 -3.739910200238227844e-02 9.943151473999023438e-01 -9.968552738428115845e-02 -1.728920555114746094e+01 -9.604704380035400391e-02 9.571673721075057983e-02 9.907636046409606934e-01 2.315087890625000000e+02
9.945253133773803711e-01 4.650969430804252625e-02 9.358033537864685059e-02 9.189727783203125000e+00 -3.714387491345405579e-02 9.943484663963317871e-01 -9.944780915975570679e-02 -1.745933914184570312e+01 -9.767675399780273438e-02 9.542729705572128296e-02 9.906321763992309570e-01 2.330091247558593750e+02
9.942874312400817871e-01 4.833680391311645508e-02 9.516900777816772461e-02 9.339114189147949219e+00 -3.848810121417045593e-02 9.939634799957275391e-01 -1.027311384677886963e-01 -1.764371490478515625e+01 -9.956021606922149658e-02 9.848127514123916626e-02 9.901456236839294434e-01 2.345614013671875000e+02
9.940883517265319824e-01 4.970436170697212219e-02 9.653462469577789307e-02 9.492060661315917969e+00 -3.955761715769767761e-02 9.937561750411987305e-01 -1.043179854750633240e-01 -1.783381843566894531e+01 -1.011169478297233582e-01 9.988248348236083984e-02 9.898474216461181641e-01 2.361328125000000000e+02
9.939561486244201660e-01 5.116595327854156494e-02 9.713044017553329468e-02 9.643687248229980469e+00 -4.048894345760345459e-02 9.932293891906738281e-01 -1.088777482509613037e-01 -1.801623916625976562e+01 -1.020436510443687439e-01 1.042868643999099731e-01 9.892979264259338379e-01 2.376499328613281250e+02
9.936980009078979492e-01 5.270983278751373291e-02 9.892964363098144531e-02 9.801179885864257812e+00 -4.178240522742271423e-02 9.931129813194274902e-01 -1.094492822885513306e-01 -1.821283531188964844e+01 -1.040173768997192383e-01 1.046258732676506042e-01 9.890565276145935059e-01 2.392150268554687500e+02
9.936196208000183105e-01 5.260339751839637756e-02 9.977035224437713623e-02 9.955995559692382812e+00 -4.156815633177757263e-02 9.931021928787231445e-01 -1.096284464001655579e-01 -1.840979957580566406e+01 -1.048489958047866821e-01 1.047815531492233276e-01 9.889522194862365723e-01 2.407503509521484375e+02
9.935772418975830078e-01 5.251229926943778992e-02 1.002394407987594604e-01 1.010687923431396484e+01 -4.137751832604408264e-02 9.930583238601684570e-01 -1.100971326231956482e-01 -1.859687232971191406e+01 -1.053250730037689209e-01 1.052421927452087402e-01 9.888526797294616699e-01 2.422431488037109375e+02
9.932919740676879883e-01 5.569661036133766174e-02 1.013419851660728455e-01 1.026567363739013672e+01 -4.407734051346778870e-02 9.925608634948730469e-01 -1.134836524724960327e-01 -1.878647041320800781e+01 -1.069087460637092590e-01 1.082553640007972717e-01 9.883573651313781738e-01 2.437476043701171875e+02
9.930189251899719238e-01 5.739974603056907654e-02 1.030530110001564026e-01 1.042681407928466797e+01 -4.509729519486427307e-02 9.919912219047546387e-01 -1.179745495319366455e-01 -1.898805427551269531e+01 -1.089994013309478760e-01 1.125034019351005554e-01 9.876543283462524414e-01 2.452861328125000000e+02
9.928167462348937988e-01 5.756258592009544373e-02 1.048937663435935974e-01 1.058866596221923828e+01 -4.457004740834236145e-02 9.914971590042114258e-01 -1.222504600882530212e-01 -1.919584083557128906e+01 -1.110389307141304016e-01 1.166970431804656982e-01 9.869402647018432617e-01 2.468056335449218750e+02
9.928019642829895020e-01 5.797372013330459595e-02 1.048071235418319702e-01 1.074710750579833984e+01 -4.456391558051109314e-02 9.910225272178649902e-01 -1.260427236557006836e-01 -1.940258789062500000e+01 -1.111733913421630859e-01 1.204647123813629150e-01 9.864723086357116699e-01 2.482798004150390625e+02
9.926122426986694336e-01 5.925977975130081177e-02 1.058794111013412476e-01 1.090906429290771484e+01 -4.581766575574874878e-02 9.910771250724792480e-01 -1.251602619886398315e-01 -1.961921310424804688e+01 -1.123516410589218140e-01 1.193843185901641846e-01 9.864701628684997559e-01 2.497931823730468750e+02
9.923185706138610840e-01 6.069717183709144592e-02 1.078002378344535828e-01 1.107538127899169922e+01 -4.670972749590873718e-02 9.906930923461914062e-01 -1.278419941663742065e-01 -1.984143638610839844e+01 -1.145566105842590332e-01 1.218245252966880798e-01 9.859180450439453125e-01 2.513158569335937500e+02
9.922302365303039551e-01 6.170068681240081787e-02 1.080433428287506104e-01 1.124576473236083984e+01 -4.761178791522979736e-02 9.905726909637451172e-01 -1.284411847591400146e-01 -2.006147384643554688e+01 -1.149497032165527344e-01 1.222989559173583984e-01 9.858134984970092773e-01 2.528422088623046875e+02
9.919956326484680176e-01 6.294689327478408813e-02 1.094691976904869080e-01 1.141597747802734375e+01 -4.826198518276214600e-02 9.900772571563720703e-01 -1.319701522588729858e-01 -2.028215980529785156e+01 -1.166900843381881714e-01 1.256304830312728882e-01 9.851899147033691406e-01 2.543496704101562500e+02
9.916346073150634766e-01 6.442201137542724609e-02 1.118565052747726440e-01 1.158994102478027344e+01 -4.885425046086311340e-02 9.894025325775146484e-01 -1.367269009351730347e-01 -2.051931381225585938e+01 -1.194793581962585449e-01 1.301183104515075684e-01 9.842726588249206543e-01 2.558941345214843750e+02
9.912918210029602051e-01 6.711863726377487183e-02 1.132999509572982788e-01 1.176630496978759766e+01 -5.124095082283020020e-02 9.891535043716430664e-01 -1.376519799232482910e-01 -2.075505256652832031e+01 -1.213100776076316833e-01 1.306475251913070679e-01 9.839785695075988770e-01 2.574070129394531250e+02
9.911828637123107910e-01 6.840856373310089111e-02 1.134818121790885925e-01 1.194462585449218750e+01 -5.244453623890876770e-02 9.890233278274536133e-01 -1.381332129240036011e-01 -2.099080848693847656e+01 -1.216856762766838074e-01 1.309635937213897705e-01 9.838901758193969727e-01 2.589350585937500000e+02
9.907792210578918457e-01 7.057081907987594604e-02 1.156614571809768677e-01 1.211936855316162109e+01 -5.432612448930740356e-02 9.889360070228576660e-01 -1.380312144756317139e-01 -2.122054100036621094e+01 -1.241227760910987854e-01 1.304748356342315674e-01 9.836506843566894531e-01 2.604219970703125000e+02
9.905384182929992676e-01 7.108274847269058228e-02 1.173976659774780273e-01 1.229831123352050781e+01 -5.467768013477325439e-02 9.889931678771972656e-01 -1.374820470809936523e-01 -2.145671844482421875e+01 -1.258781105279922485e-01 1.297620236873626709e-01 9.835218787193298340e-01 2.619177856445312500e+02
9.904216527938842773e-01 7.103386521339416504e-02 1.184083297848701477e-01 1.248167991638183594e+01 -5.423628911375999451e-02 9.887359738349914551e-01 -1.394919306039810181e-01 -2.169881439208984375e+01 -1.269832551479339600e-01 1.317335963249206543e-01 9.831176400184631348e-01 2.634452819824218750e+02
9.902142882347106934e-01 7.157742977142333984e-02 1.198071166872978210e-01 1.266376495361328125e+01 -5.458632111549377441e-02 9.887106418609619141e-01 -1.395349204540252686e-01 -2.193916511535644531e+01 -1.284421533346176147e-01 1.316294372081756592e-01 9.829420447349548340e-01 2.649589843750000000e+02
9.899079799652099609e-01 7.116337120532989502e-02 1.225538253784179688e-01 1.285836219787597656e+01 -5.404318124055862427e-02 9.889902472496032715e-01 -1.377531737089157104e-01 -2.217905235290527344e+01 -1.310075521469116211e-01 1.297395527362823486e-01 9.828547835350036621e-01 2.664979553222656250e+02
9.901826381683349609e-01 7.072542607784271240e-02 1.205723583698272705e-01 1.305515193939208984e+01 -5.359374731779098511e-02 9.887224435806274414e-01 -1.398354768753051758e-01 -2.242430877685546875e+01 -1.291025578975677490e-01 1.320005208253860474e-01 9.828057885169982910e-01 2.680618286132812500e+02
9.899054169654846191e-01 7.313823699951171875e-02 1.214063912630081177e-01 1.324126434326171875e+01 -5.541579797863960266e-02 9.881083369255065918e-01 -1.434205472469329834e-01 -2.266613006591796875e+01 -1.304522156715393066e-01 1.352447122335433960e-01 9.821862578392028809e-01 2.695580749511718750e+02
9.897397756576538086e-01 7.429029792547225952e-02 1.220556199550628662e-01 1.342935657501220703e+01 -5.601547658443450928e-02 9.875680208206176758e-01 -1.468678116798400879e-01 -2.290584564208984375e+01 -1.314491033554077148e-01 1.385236829519271851e-01 9.815962314605712891e-01 2.710394592285156250e+02
9.896600842475891113e-01 7.412995398044586182e-02 1.227972507476806641e-01 1.361894130706787109e+01 -5.571940541267395020e-02 9.875497817993164062e-01 -1.471028327941894531e-01 -2.316206741333007812e+01 -1.321731358766555786e-01 1.387393772602081299e-01 9.814685583114624023e-01 2.725747070312500000e+02
9.894794821739196777e-01 7.544551789760589600e-02 1.234494447708129883e-01 1.380627918243408203e+01 -5.666340515017509460e-02 9.871897697448730469e-01 -1.491447836160659790e-01 -2.341518974304199219e+01 -1.331203430891036987e-01 1.405804157257080078e-01 9.810785055160522461e-01 2.740725708007812500e+02
9.890944957733154297e-01 7.398531585931777954e-02 1.273558288812637329e-01 1.399708271026611328e+01 -5.496641993522644043e-02 9.876285791397094727e-01 -1.468570679426193237e-01 -2.366270446777343750e+01 -1.366455405950546265e-01 1.382550150156021118e-01 9.809243083000183105e-01 2.755421447753906250e+02
9.884904026985168457e-01 7.401812821626663208e-02 1.319443732500076294e-01 1.420142555236816406e+01 -5.451630055904388428e-02 9.878208637237548828e-01 -1.457272320985794067e-01 -2.391473579406738281e+01 -1.411238759756088257e-01 1.368566453456878662e-01 9.804862737655639648e-01 2.770491943359375000e+02
9.881657958030700684e-01 7.404063642024993896e-02 1.343414932489395142e-01 1.440862941741943359e+01 -5.436979979276657104e-02 9.879949092864990234e-01 -1.445976942777633667e-01 -2.416048812866210938e+01 -1.434348076581954956e-01 1.355821639299392700e-01 9.803279638290405273e-01 2.785586853027343750e+02
9.879676699638366699e-01 7.376132160425186157e-02 1.359428167343139648e-01 1.461958694458007812e+01 -5.387493222951889038e-02 9.880278110504150391e-01 -1.445580720901489258e-01 -2.441417694091796875e+01 -1.449780762195587158e-01 1.354945749044418335e-01 9.801130294799804688e-01 2.800834045410156250e+02
9.874102473258972168e-01 7.372792810201644897e-02 1.399519890546798706e-01 1.483502578735351562e+01 -5.364428088068962097e-02 9.883811473846435547e-01 -1.422093063592910767e-01 -2.466769981384277344e+01 -1.488107144832611084e-01 1.329110711812973022e-01 9.798923134803771973e-01 2.816121520996093750e+02
9.871048927307128906e-01 7.421524077653884888e-02 1.418356299400329590e-01 1.504829311370849609e+01 -5.446407943964004517e-02 9.888787865638732910e-01 -1.383870095014572144e-01 -2.490712928771972656e+01 -1.505286991596221924e-01 1.288773119449615479e-01 9.801687002182006836e-01 2.830963134765625000e+02
9.863494038581848145e-01 7.378081232309341431e-02 1.472158133983612061e-01 1.526724147796630859e+01 -5.352820828557014465e-02 9.891121387481689453e-01 -1.370781958103179932e-01 -2.513859367370605469e+01 -1.557267159223556519e-01 1.273265779018402100e-01 9.795591235160827637e-01 2.845649108886718750e+02
9.862940311431884766e-01 7.479695975780487061e-02 1.470741033554077148e-01 1.548695659637451172e+01 -5.402204394340515137e-02 9.886057376861572266e-01 -1.404950320720672607e-01 -2.537555694580078125e+01 -1.559069305658340454e-01 1.306239515542984009e-01 9.790961742401123047e-01 2.860505065917968750e+02
9.859395623207092285e-01 7.527033984661102295e-02 1.491938680410385132e-01 1.570476055145263672e+01 -5.418379977345466614e-02 9.885709285736083984e-01 -1.406774818897247314e-01 -2.561160087585449219e+01 -1.580775827169418335e-01 1.306153833866119385e-01 9.787492156028747559e-01 2.875060729980468750e+02
9.855052828788757324e-01 7.736312597990036011e-02 1.509818136692047119e-01 1.593896961212158203e+01 -5.600279942154884338e-02 9.884340167045593262e-01 -1.409268230199813843e-01 -2.585292434692382812e+01 -1.601381301879882812e-01 1.304285079240798950e-01 9.784391522407531738e-01 2.890286560058593750e+02
9.855189919471740723e-01 7.753085345029830933e-02 1.508062481880187988e-01 1.617114448547363281e+01 -5.628643557429313660e-02 9.884979128837585449e-01 -1.403644084930419922e-01 -2.609285545349121094e+01 -1.599542647600173950e-01 1.298432201147079468e-01 9.785470366477966309e-01 2.905350036621093750e+02
9.852434992790222168e-01 7.876617461442947388e-02 1.519613862037658691e-01 1.640204620361328125e+01 -5.746534839272499084e-02 9.885103106498718262e-01 -1.397981047630310059e-01 -2.633184242248535156e+01 -1.612267792224884033e-01 1.290024220943450928e-01 9.784494042396545410e-01 2.920273132324218750e+02
9.851287007331848145e-01 8.008365333080291748e-02 1.520169973373413086e-01 1.662207031250000000e+01 -5.826464667916297913e-02 9.880172610282897949e-01 -1.429179757833480835e-01 -2.655095100402832031e+01 -1.616408079862594604e-01 1.319351345300674438e-01 9.779899716377258301e-01 2.934254760742187500e+02
9.848431348800659180e-01 8.136907964944839478e-02 1.531802713871002197e-01 1.686235618591308594e+01 -5.933165177702903748e-02 9.878972172737121582e-01 -1.433084309101104736e-01 -2.679829978942871094e+01 -1.629872322082519531e-01 1.320476233959197998e-01 9.777513146400451660e-01 2.949583435058593750e+02
9.845244288444519043e-01 8.177675306797027588e-02 1.550004929304122925e-01 1.709599113464355469e+01 -5.939647182822227478e-02 9.878091216087341309e-01 -1.438875943422317505e-01 -2.704572486877441406e+01 -1.648775637149810791e-01 1.324541121721267700e-01 9.773793220520019531e-01 2.964595031738281250e+02
9.841710925102233887e-01 8.369187265634536743e-02 1.562174409627914429e-01 1.733463859558105469e+01 -6.115395948290824890e-02 9.877027273178100586e-01 -1.438816934823989868e-01 -2.728897666931152344e+01 -1.663381159305572510e-01 1.320506334304809570e-01 9.771863818168640137e-01 2.979633178710937500e+02
9.836236238479614258e-01 8.472166955471038818e-02 1.590841114521026611e-01 1.758113288879394531e+01 -6.173992902040481567e-02 9.876163601875305176e-01 -1.442240327596664429e-01 -2.754465103149414062e+01 -1.693329662084579468e-01 1.320400685071945190e-01 9.766733050346374512e-01 2.995060424804687500e+02
9.833349585533142090e-01 8.663780242204666138e-02 1.598349213600158691e-01 1.782401275634765625e+01 -6.336472928524017334e-02 9.873474836349487305e-01 -1.453559249639511108e-01 -2.778296852111816406e+01 -1.704059094190597534e-01 1.328054070472717285e-01 9.763828516006469727e-01 3.009804077148437500e+02
9.833245873451232910e-01 8.594730496406555176e-02 1.602707952260971069e-01 1.806156158447265625e+01 -6.249028071761131287e-02 9.873006939888000488e-01 -1.460508704185485840e-01 -2.802629280090332031e+01 -1.707881391048431396e-01 1.335997879505157471e-01 9.762076735496520996e-01 3.024461669921875000e+02
9.835090637207031250e-01 8.507842570543289185e-02 1.596011519432067871e-01 1.829870223999023438e+01 -6.186117976903915405e-02 9.874683022499084473e-01 -1.451826393604278564e-01 -2.827092170715332031e+01 -1.699530184268951416e-01 1.329150497913360596e-01 9.764468073844909668e-01 3.039169006347656250e+02
9.828419685363769531e-01 8.680771291255950928e-02 1.627484261989593506e-01 1.854829978942871094e+01 -6.264398247003555298e-02 9.869805574417114258e-01 -1.481334716081619263e-01 -2.852449607849121094e+01 -1.734887063503265381e-01 1.353963017463684082e-01 9.754836559295654297e-01 3.054183044433593750e+02
9.828198552131652832e-01 8.592522889375686646e-02 1.633491814136505127e-01 1.879157257080078125e+01 -6.172136217355728149e-02 9.870784878730773926e-01 -1.478676944971084595e-01 -2.877345275878906250e+01 -1.739441007375717163e-01 1.352448910474777222e-01 9.754235148429870605e-01 3.068565063476562500e+02
9.823744297027587891e-01 8.630346506834030151e-02 1.658104658126831055e-01 1.903597068786621094e+01 -6.157697737216949463e-02 9.869365692138671875e-01 -1.488717943429946899e-01 -2.902452659606933594e+01 -1.764926463365554810e-01 1.360374689102172852e-01 9.748553633689880371e-01 3.083226623535156250e+02
9.822670221328735352e-01 8.629144728183746338e-02 1.664518564939498901e-01 1.929296493530273438e+01 -6.113927066326141357e-02 9.866834282875061035e-01 -1.507184356451034546e-01 -2.928472328186035156e+01 -1.772410869598388672e-01 1.378687173128128052e-01 9.744622707366943359e-01 3.098369750976562500e+02
9.822614192962646484e-01 8.570729941129684448e-02 1.667862385511398315e-01 1.954927062988281250e+01 -6.036247313022613525e-02 9.866114854812622070e-01 -1.515004038810729980e-01 -2.954488372802734375e+01 -1.775380074977874756e-01 1.387450993061065674e-01 9.742838144302368164e-01 3.113464355468750000e+02
9.825578331947326660e-01 8.636713773012161255e-02 1.646869927644729614e-01 1.981443214416503906e+01 -6.144906207919120789e-02 9.866496324539184570e-01 -1.508131027221679688e-01 -2.980738639831542969e+01 -1.755137741565704346e-01 1.380624622106552124e-01 9.747474193572998047e-01 3.128859863281250000e+02
9.823640584945678711e-01 8.630419522523880005e-02 1.658716052770614624e-01 2.006601905822753906e+01 -6.231650710105895996e-02 9.875043034553527832e-01 -1.447407752275466919e-01 -3.006199455261230469e+01 -1.762907803058624268e-01 1.318513303995132446e-01 9.754669070243835449e-01 3.143776245117187500e+02
9.828703403472900391e-01 8.587886393070220947e-02 1.630696803331375122e-01 2.032650566101074219e+01 -6.238899379968643188e-02 9.875977039337158203e-01 -1.440708637237548828e-01 -3.031374931335449219e+01 -1.734200119972229004e-01 1.314289569854736328e-01 9.760383963584899902e-01 3.159324645996093750e+02
9.831177592277526855e-01 8.839060366153717041e-02 1.602109223604202271e-01 2.057630157470703125e+01 -6.450665742158889771e-02 9.867918491363525391e-01 -1.485891938209533691e-01 -3.055465507507324219e+01 -1.712288558483123779e-01 1.357457339763641357e-01 9.758344292640686035e-01 3.174261779785156250e+02
9.835330247879028320e-01 9.070103615522384644e-02 1.563233286142349243e-01 2.083173751831054688e+01 -6.627856940031051636e-02 9.857007861137390137e-01 -1.549163609743118286e-01 -3.081545829772949219e+01 -1.681392341852188110e-01 1.420042216777801514e-01 9.754809141159057617e-01 3.189818725585937500e+02
9.840813875198364258e-01 8.983662724494934082e-02 1.533428728580474854e-01 2.107673645019531250e+01 -6.533773988485336304e-02 9.852855205535888672e-01 -1.579283922910690308e-01 -3.108944892883300781e+01 -1.652743965387344360e-01 1.453950852155685425e-01 9.754709601402282715e-01 3.205344238281250000e+02
9.843602776527404785e-01 8.914960175752639771e-02 1.519473195075988770e-01 2.132367324829101562e+01 -6.487674266099929810e-02 9.853335618972778320e-01 -1.578187048435211182e-01 -3.136841011047363281e+01 -1.637883931398391724e-01 1.454924046993255615e-01 9.757070541381835938e-01 3.221070251464843750e+02
9.847275614738464355e-01 9.012643992900848389e-02 1.489617079496383667e-01 2.155835914611816406e+01 -6.586567312479019165e-02 9.848430156707763672e-01 -1.604491025209426880e-01 -3.164277648925781250e+01 -1.611647158861160278e-01 1.481869965791702271e-01 9.757384061813354492e-01 3.236341247558593750e+02
9.847028851509094238e-01 9.182842075824737549e-02 1.480824351310729980e-01 2.179693794250488281e+01 -6.727671623229980469e-02 9.843240976333618164e-01 -1.630272567272186279e-01 -3.192350578308105469e+01 -1.607317626476287842e-01 1.505707204341888428e-01 9.754448533058166504e-01 3.251822814941406250e+02
9.846789240837097168e-01 9.245188534259796143e-02 1.478533297777175903e-01 2.203347778320312500e+01 -6.820517778396606445e-02 9.845304489135742188e-01 -1.613871008157730103e-01 -3.220497131347656250e+01 -1.604867726564407349e-01 1.488299518823623657e-01 9.757522940635681152e-01 3.267304687500000000e+02
9.846858978271484375e-01 9.456127882003784180e-02 1.464666724205017090e-01 2.226190376281738281e+01 -7.072981446981430054e-02 9.845568537712097168e-01 -1.601348966360092163e-01 -3.247798538208007812e+01 -1.593474596738815308e-01 1.473228633403778076e-01 9.761676192283630371e-01 3.282562561035156250e+02
9.844848513603210449e-01 9.621562808752059937e-02 1.467406898736953735e-01 2.248696136474609375e+01 -7.175576686859130859e-02 9.838936328887939453e-01 -1.637146621942520142e-01 -3.275038528442382812e+01 -1.601292788982391357e-01 1.506449580192565918e-01 9.755324721336364746e-01 3.297531127929687500e+02
9.848850369453430176e-01 9.772440046072006226e-02 1.430113166570663452e-01 2.271533203125000000e+01 -7.342556118965148926e-02 9.833391904830932617e-01 -1.662849634885787964e-01 -3.302238082885742188e+01 -1.568788886070251465e-01 1.532707214355468750e-01 9.756515622138977051e-01 3.312567138671875000e+02
9.853949546813964844e-01 9.832236915826797485e-02 1.390339732170104980e-01 2.293922424316406250e+01 -7.383786886930465698e-02 9.824239611625671387e-01 -1.714324504137039185e-01 -3.331665420532226562e+01 -1.534461230039596558e-01 1.586625277996063232e-01 9.753355383872985840e-01 3.328180847167968750e+02
9.855676889419555664e-01 1.001222804188728333e-01 1.365022957324981689e-01 2.314937019348144531e+01 -7.555954903364181519e-02 9.817449450492858887e-01 -1.745439022779464722e-01 -3.360443878173828125e+01 -1.514863371849060059e-01 1.617106050252914429e-01 9.751412868499755859e-01 3.343240051269531250e+02
9.857922196388244629e-01 1.031498759984970093e-01 1.325699537992477417e-01 2.336583518981933594e+01 -7.865343987941741943e-02 9.808276295661926270e-01 -1.782941371202468872e-01 -3.390946960449218750e+01 -1.484194546937942505e-01 1.653337329626083374e-01 9.750053286552429199e-01 3.358988037109375000e+02
9.858566522598266602e-01 1.037335246801376343e-01 1.316320747137069702e-01 2.357528114318847656e+01 -7.978960126638412476e-02 9.812098741531372070e-01 -1.756668239831924438e-01 -3.422150421142578125e+01 -1.473813802003860474e-01 1.626792699098587036e-01 9.756091833114624023e-01 3.374701843261718750e+02
9.859312176704406738e-01 1.043234840035438538e-01 1.306032240390777588e-01 2.378570747375488281e+01 -8.051970601081848145e-02 9.811171293258666992e-01 -1.758516430854797363e-01 -3.452764511108398438e+01 -1.464826762676239014e-01 1.628613322973251343e-01 9.757141470909118652e-01 3.390343322753906250e+02
9.857175946235656738e-01 1.061659976840019226e-01 1.307305842638015747e-01 2.398048973083496094e+01 -8.180367946624755859e-02 9.803761243820190430e-01 -1.793567240238189697e-01 -3.481298446655273438e+01 -1.472069025039672852e-01 1.661006808280944824e-01 9.750588536262512207e-01 3.404991149902343750e+02
9.857109189033508301e-01 1.072205230593681335e-01 1.299175769090652466e-01 2.417542266845703125e+01 -8.225086331367492676e-02 9.794278740882873535e-01 -1.842655092477798462e-01 -3.511081695556640625e+01 -1.470021307468414307e-01 1.709465384483337402e-01 9.742518663406372070e-01 3.419780578613281250e+02
9.859256744384765625e-01 1.078987419605255127e-01 1.277078092098236084e-01 2.438022232055664062e+01 -8.368186652660369873e-02 9.797743558883666992e-01 -1.817621737718582153e-01 -3.543516159057617188e+01 -1.447369158267974854e-01 1.685170084238052368e-01 9.750140309333801270e-01 3.435438232421875000e+02
9.860711693763732910e-01 1.085054427385330200e-01 1.260598152875900269e-01 2.458446884155273438e+01 -8.443081378936767578e-02 9.795366525650024414e-01 -1.826942414045333862e-01 -3.575738143920898438e+01 -1.433037072420120239e-01 1.695060282945632935e-01 9.750543236732482910e-01 3.451102294921875000e+02
9.859856367111206055e-01 1.094267591834068298e-01 1.259321719408035278e-01 2.477961921691894531e+01 -8.550101518630981445e-02 9.796121716499328613e-01 -1.817894577980041504e-01 -3.606420516967773438e+01 -1.432574838399887085e-01 1.684743016958236694e-01 9.752399325370788574e-01 3.466073303222656250e+02
9.862907528877258301e-01 1.095684617757797241e-01 1.233940720558166504e-01 2.497964477539062500e+01 -8.610583096742630005e-02 9.795956015586853027e-01 -1.815931946039199829e-01 -3.637731170654296875e+01 -1.407733410596847534e-01 1.684785783290863037e-01 9.756008982658386230e-01 3.481571350097656250e+02
9.863996505737304688e-01 1.100888028740882874e-01 1.220529153943061829e-01 2.517695617675781250e+01 -8.714146912097930908e-02 9.798766374588012695e-01 -1.795717179775238037e-01 -3.669454574584960938e+01 -1.393657773733139038e-01 1.664934456348419189e-01 9.761435985565185547e-01 3.497212219238281250e+02
9.865298867225646973e-01 1.109532341361045837e-01 1.202031522989273071e-01 2.537156486511230469e+01 -8.822517096996307373e-02 9.796647429466247559e-01 -1.801975816488265991e-01 -3.701282119750976562e+01 -1.377524286508560181e-01 1.671652048826217651e-01 9.762578010559082031e-01 3.513010864257812500e+02
9.866133928298950195e-01 1.126371175050735474e-01 1.179306805133819580e-01 2.555544853210449219e+01 -8.997262269258499146e-02 9.790924191474914551e-01 -1.824299246072769165e-01 -3.731224060058593750e+01 -1.360135525465011597e-01 1.693771034479141235e-01 9.761203527450561523e-01 3.527975158691406250e+02
9.868074655532836914e-01 1.125828921794891357e-01 1.163477972149848938e-01 2.573458290100097656e+01 -9.030205756425857544e-02 9.792114496231079102e-01 -1.816265136003494263e-01 -3.762392807006835938e+01 -1.343772709369659424e-01 1.687237769365310669e-01 9.764600992202758789e-01 3.543056335449218750e+02
9.866422414779663086e-01 1.147539690136909485e-01 1.156254857778549194e-01 2.591772460937500000e+01 -9.208839386701583862e-02 9.783747792243957520e-01 -1.852032691240310669e-01 -3.792787551879882812e+01 -1.343780010938644409e-01 1.720814406871795654e-01 9.758738875389099121e-01 3.558286437988281250e+02
9.867688417434692383e-01 1.150319352746009827e-01 1.142604872584342957e-01 2.610134124755859375e+01 -9.265489876270294189e-02 9.783936738967895508e-01 -1.848204582929611206e-01 -3.824834060668945312e+01 -1.330521106719970703e-01 1.717881262302398682e-01 9.761071801185607910e-01 3.573726501464843750e+02
9.869016408920288086e-01 1.156081184744834900e-01 1.125184074044227600e-01 2.627643966674804688e+01 -9.333329647779464722e-02 9.780520796775817871e-01 -1.862815171480178833e-01 -3.855817031860351562e+01 -1.315846145153045654e-01 1.733396798372268677e-01 9.760318398475646973e-01 3.588925476074218750e+02
9.871428608894348145e-01 1.149881035089492798e-01 1.110278293490409851e-01 2.645373725891113281e+01 -9.275012463331222534e-02 9.777755737304687500e-01 -1.880163699388504028e-01 -3.886996459960937500e+01 -1.301800459623336792e-01 1.753010302782058716e-01 9.758698940277099609e-01 3.604120483398437500e+02
9.871355891227722168e-01 1.161545738577842712e-01 1.098720356822013855e-01 2.662258148193359375e+01 -9.337367862462997437e-02 9.766319394111633301e-01 -1.935696899890899658e-01 -3.919033432006835938e+01 -1.297886371612548828e-01 1.808202415704727173e-01 9.749144911766052246e-01 3.619215698242187500e+02
9.872801899909973145e-01 1.154410690069198608e-01 1.093235239386558533e-01 2.679972648620605469e+01 -9.276361763477325439e-02 9.766827821731567383e-01 -1.936064064502716064e-01 -3.953109359741210938e+01 -1.291246265172958374e-01 1.810023784637451172e-01 9.749688506126403809e-01 3.634789428710937500e+02
9.872249960899353027e-01 1.165269836783409119e-01 1.086679548025131226e-01 2.698162651062011719e+01 -9.365384280681610107e-02 9.761382937431335449e-01 -1.959101110696792603e-01 -3.987511444091796875e+01 -1.289038509130477905e-01 1.832300424575805664e-01 9.745818972587585449e-01 3.650627746582031250e+02
9.874090552330017090e-01 1.178581789135932922e-01 1.055142283439636230e-01 2.715015792846679688e+01 -9.519497305154800415e-02 9.754251837730407715e-01 -1.986990571022033691e-01 -4.020275115966796875e+01 -1.263396292924880981e-01 1.861526817083358765e-01 9.743638038635253906e-01 3.665881958007812500e+02
9.871530532836914062e-01 1.193691790103912354e-01 1.062084957957267761e-01 2.731414985656738281e+01 -9.659034013748168945e-02 9.753403663635253906e-01 -1.984421312808990479e-01 -4.052976226806640625e+01 -1.272773891687393188e-01 1.856339126825332642e-01 9.743406772613525391e-01 3.680928039550781250e+02
9.873030781745910645e-01 1.202809587121009827e-01 1.037566363811492920e-01 2.747577285766601562e+01 -9.776049107313156128e-02 9.749180674552917480e-01 -1.999385952949523926e-01 -4.086660385131835938e+01 -1.252031177282333374e-01 1.872565746307373047e-01 9.742989540100097656e-01 3.696065673828125000e+02
9.874397516250610352e-01 1.220310404896736145e-01 1.003567129373550415e-01 2.763291740417480469e+01 -9.974105656147003174e-02 9.740712642669677734e-01 -2.030631899833679199e-01 -4.120006179809570312e+01 -1.225346922874450684e-01 1.905028820037841797e-01 9.740087985992431641e-01 3.711235961914062500e+02
9.876050353050231934e-01 1.227674707770347595e-01 9.779921919107437134e-02 2.778716850280761719e+01 -1.003862917423248291e-01 9.730246067047119141e-01 -2.077100127935409546e-01 -4.153701400756835938e+01 -1.206611692905426025e-01 1.953176558017730713e-01 9.732888340950012207e-01 3.726222534179687500e+02
9.875503182411193848e-01 1.242633834481239319e-01 9.645287692546844482e-02 2.793892097473144531e+01 -1.018711179494857788e-01 9.724255204200744629e-01 -2.097826302051544189e-01 -4.188782119750976562e+01 -1.198616251349449158e-01 1.973450481891632080e-01 9.729785919189453125e-01 3.741368103027343750e+02
9.873794913291931152e-01 1.245865225791931152e-01 9.777592122554779053e-02 2.809342384338378906e+01 -1.020580530166625977e-01 9.726355075836181641e-01 -2.087155431509017944e-01 -4.224681854248046875e+01 -1.211035698652267456e-01 1.961025297641754150e-01 9.730760455131530762e-01 3.756697082519531250e+02
9.875985980033874512e-01 1.241800338029861450e-01 9.606511890888214111e-02 2.824648475646972656e+01 -1.016863733530044556e-01 9.721274971961975098e-01 -2.112484574317932129e-01 -4.259361648559570312e+01 -1.196204870939254761e-01 1.988600939512252808e-01 9.726997613906860352e-01 3.771929321289062500e+02
9.875538945198059082e-01 1.255117952823638916e-01 9.478495270013809204e-02 2.839849472045898438e+01 -1.028476655483245850e-01 9.712752699851989746e-01 -2.145802527666091919e-01 -4.295087432861328125e+01 -1.189947277307510376e-01 2.021611034870147705e-01 9.720958471298217773e-01 3.787361755371093750e+02
9.877322912216186523e-01 1.256879121065139771e-01 9.266931563615798950e-02 2.854521560668945312e+01 -1.029103547334671021e-01 9.702624678611755371e-01 -2.190850377082824707e-01 -4.331521987915039062e+01 -1.174499914050102234e-01 2.068606764078140259e-01 9.712947010993957520e-01 3.802640075683593750e+02
9.879043102264404297e-01 1.258568763732910156e-01 9.058248251676559448e-02 2.868836593627929688e+01 -1.032079011201858521e-01 9.696484804153442383e-01 -2.216484397649765015e-01 -4.368027114868164062e+01 -1.157292351126670837e-01 2.096185833215713501e-01 9.709098935127258301e-01 3.817769775390625000e+02
9.877673983573913574e-01 1.264807432889938354e-01 9.120444953441619873e-02 2.883593177795410156e+01 -1.033819019794464111e-01 9.690430760383605957e-01 -2.242005020380020142e-01 -4.404854965209960938e+01 -1.167381703853607178e-01 2.120290249586105347e-01 9.702655076980590820e-01 3.832967529296875000e+02
9.876932501792907715e-01 1.270607709884643555e-01 9.120102226734161377e-02 2.898123931884765625e+01 -1.034275069832801819e-01 9.680235385894775391e-01 -2.285416722297668457e-01 -4.444274902343750000e+01 -1.173235028982162476e-01 2.162963598966598511e-01 9.692524671554565430e-01 3.848713378906250000e+02
9.877681732177734375e-01 1.272281706333160400e-01 9.014996886253356934e-02 2.912061309814453125e+01 -1.038548424839973450e-01 9.680433869361877441e-01 -2.282637804746627808e-01 -4.480959701538085938e+01 -1.163107454776763916e-01 2.161091566085815430e-01 9.694162607192993164e-01 3.863430480957031250e+02
