9.999995827674865723e-01 -9.035185212269425392e-04 -2.101170684909448028e-04 1.289127743802964687e-03 9.037964046001434326e-04 9.999986886978149414e-01 1.325645600445568562e-03 -1.821615919470787048e-02 2.089191257255151868e-04 -1.325834309682250023e-03 9.999991059303283691e-01 1.310642957687377930e+00
9.999985694885253906e-01 -1.646346994675695896e-03 -5.538206896744668484e-04 4.448320250958204269e-04 1.647375058382749557e-03 9.999969005584716797e-01 1.859718817286193371e-03 -4.203318059444427490e-02 5.507571622729301453e-04 -1.860627322457730770e-03 9.999980330467224121e-01 2.625298738479614258e+00
9.999940395355224609e-01 -3.413454396650195122e-03 -7.312198868021368980e-04 2.037580590695142746e-03 3.413846949115395546e-03 9.999939203262329102e-01 5.361918592825531960e-04 -6.302800774574279785e-02 7.293852395378053188e-04 -5.386845441535115242e-04 9.999995231628417969e-01 3.941729545593261719e+00
9.999933242797851562e-01 -3.635348519310355186e-03 -6.434005335904657841e-04 2.777891699224710464e-03 3.635871922597289085e-03 9.999929666519165039e-01 8.141187136061489582e-04 -8.483759313821792603e-02 6.404364248737692833e-04 -8.164520841091871262e-04 9.999995827674865723e-01 5.261016368865966797e+00
9.999921917915344238e-01 -3.925219178199768066e-03 -5.162242450751364231e-04 4.157927352935075760e-03 3.926062025129795074e-03 9.999908804893493652e-01 1.640786998905241489e-03 -1.014677882194519043e-01 5.097790271975100040e-04 -1.642800634726881981e-03 9.999986290931701660e-01 6.581637859344482422e+00
9.999849200248718262e-01 -5.504052620381116867e-03 -4.169864405412226915e-04 7.571022026240825653e-03 5.505158100277185440e-03 9.999811649322509766e-01 2.694454044103622437e-03 -1.165873929858207703e-01 4.021481145173311234e-04 -2.696707611903548241e-03 9.999964237213134766e-01 7.908774375915527344e+00
9.999865889549255371e-01 -5.184553097933530807e-03 -5.975598469376564026e-04 8.323818445205688477e-03 5.186662543565034866e-03 9.999799728393554688e-01 3.583037760108709335e-03 -1.328034996986389160e-01 5.789714632555842400e-04 -3.586087841540575027e-03 9.999936223030090332e-01 9.238962173461914062e+00
9.999890327453613281e-01 -4.630871117115020752e-03 -8.604708127677440643e-04 7.728337775915861130e-03 4.632472060620784760e-03 9.999873042106628418e-01 1.867104903794825077e-03 -1.497648805379867554e-01 8.518139366060495377e-04 -1.871070242486894131e-03 9.999982118606567383e-01 1.056962966918945312e+01
9.999977946281433105e-01 -1.900807954370975494e-03 -9.601048077456653118e-04 6.780917756259441376e-03 1.900055562146008015e-03 9.999976754188537598e-01 -7.842213963158428669e-04 -1.634546816349029541e-01 9.615937015041708946e-04 7.823971100151538849e-04 9.999995231628417969e-01 1.190425872802734375e+01
9.999988079071044922e-01 1.543587539345026016e-03 -6.218671915121376514e-04 3.419394837692379951e-03 -1.544657628983259201e-03 9.999971389770507812e-01 -1.724972156807780266e-03 -1.767479777336120605e-01 6.192032014951109886e-04 1.725931884720921516e-03 9.999986290931701660e-01 1.324207973480224609e+01
9.999922513961791992e-01 3.962554503232240677e-03 -5.304798251017928123e-04 -1.862184144556522369e-03 -3.963386639952659607e-03 9.999907612800598145e-01 -1.579138333909213543e-03 -1.959201693534851074e-01 5.242178449407219887e-04 1.581230084411799908e-03 9.999990463256835938e-01 1.458047866821289062e+01
9.999867081642150879e-01 5.189813673496246338e-03 -3.869435167871415615e-04 -5.851758178323507309e-03 -5.190148483961820602e-03 9.999859929084777832e-01 -8.728849934414029121e-04 -2.177601754665374756e-01 3.824082959908992052e-04 8.748834952712059021e-04 1.000000000000000000e+00 1.593066024780273438e+01
9.999957084655761719e-01 2.993090311065316200e-03 2.876753569580614567e-05 -4.267718177288770676e-03 -2.993135713040828705e-03 9.999938607215881348e-01 1.769063295796513557e-03 -2.364139705896377563e-01 -2.347229929000604898e-05 -1.769141294062137604e-03 9.999988079071044922e-01 1.728222274780273438e+01
9.999998211860656738e-01 -8.993864757940173149e-04 2.524903975427150726e-04 4.827869124710559845e-04 8.983702864497900009e-04 9.999915361404418945e-01 3.998215775936841965e-03 -2.537474334239959717e-01 -2.560841385275125504e-04 -3.997987136244773865e-03 9.999923706054687500e-01 1.863468933105468750e+01
9.999936819076538086e-01 -3.638642374426126480e-03 -3.959221066907048225e-05 5.006085615605115891e-03 3.638709196820855141e-03 9.999917149543762207e-01 1.831392059102654457e-03 -2.699100375175476074e-01 3.292823748779483140e-05 -1.831522793509066105e-03 9.999986290931701660e-01 1.998670005798339844e+01
9.999873042106628418e-01 -5.119264125823974609e-03 -2.320357452845200896e-04 4.134685266762971878e-03 5.119135603308677673e-03 9.999867081642150879e-01 -5.539278499782085419e-04 -2.931091487407684326e-01 2.348685084143653512e-04 5.527345347218215466e-04 1.000000119209289551e+00 2.134127044677734375e+01
9.999963045120239258e-01 -2.848775591701269150e-03 4.262616275809705257e-04 -7.654777728021144867e-04 2.849651733413338661e-03 9.999938607215881348e-01 -2.066801767796278000e-03 -3.222296833992004395e-01 -4.203709249850362539e-04 2.068009460344910622e-03 9.999980926513671875e-01 2.270575141906738281e+01
9.999997615814208984e-01 1.424852380296215415e-04 1.245425548404455185e-03 -7.369330152869224548e-03 -1.415300794178619981e-04 9.999997615814208984e-01 -7.660723640583455563e-04 -3.468118607997894287e-01 -1.245534513145685196e-03 7.658976246602833271e-04 9.999992251396179199e-01 2.407210350036621094e+01
9.999976754188537598e-01 1.440634718164801598e-03 1.942059025168418884e-03 -9.719273075461387634e-03 -1.451154937967658043e-03 9.999843239784240723e-01 5.427245516330003738e-03 -3.687423765659332275e-01 -1.934208674356341362e-03 -5.430045071989297867e-03 9.999836683273315430e-01 2.544868469238281250e+01
9.999973177909851074e-01 -1.050891703926026821e-03 2.369239460676908493e-03 -5.061190575361251831e-03 1.037931302562355995e-03 9.999847412109375000e-01 5.465291906148195267e-03 -3.871397972106933594e-01 -2.374946139752864838e-03 -5.462811794131994247e-03 9.999826550483703613e-01 2.682030296325683594e+01
9.999847412109375000e-01 -5.339010618627071381e-03 1.951316138729453087e-03 1.962264534085988998e-03 5.331393796950578690e-03 9.999783635139465332e-01 3.887908766046166420e-03 -4.099384248256683350e-01 -1.972031313925981522e-03 -3.877439303323626518e-03 9.999908804893493652e-01 2.819472312927246094e+01
9.999811649322509766e-01 -5.933232605457305908e-03 1.984893111512064934e-03 5.281586199998855591e-03 5.930625367909669876e-03 9.999816417694091797e-01 1.317194546572864056e-03 -4.328975677490234375e-01 -1.992672216147184372e-03 -1.305393991060554981e-03 9.999976754188537598e-01 2.957012557983398438e+01
9.999788999557495117e-01 -6.177292671054601669e-03 2.396697178483009338e-03 7.939016446471214294e-03 6.179644726216793060e-03 9.999805092811584473e-01 -9.754587081260979176e-04 -4.591177701950073242e-01 -2.390624489635229111e-03 9.902521269395947456e-04 9.999971985816955566e-01 3.094984817504882812e+01
9.999917149543762207e-01 -2.864263718947768211e-03 3.173276549205183983e-03 6.827063858509063721e-03 2.868673764169216156e-03 9.999949336051940918e-01 -1.385711715556681156e-03 -4.850132465362548828e-01 -3.169292118400335312e-03 1.394806429743766785e-03 9.999943971633911133e-01 3.233531951904296875e+01
9.999926090240478516e-01 -1.916604000143706799e-03 3.569833701476454735e-03 8.305157534778118134e-03 1.929099671542644501e-03 9.999920725822448730e-01 -3.499496029689908028e-03 -5.122366547584533691e-01 -3.563098376616835594e-03 3.506358712911605835e-03 9.999879598617553711e-01 3.371780776977539062e+01
9.999942183494567871e-01 -1.021448057144880295e-03 3.498428268358111382e-03 1.017338410019874573e-02 1.035313471220433712e-03 9.999916553497314453e-01 -3.963090479373931885e-03 -5.431158542633056641e-01 -3.494352102279663086e-03 3.966691903769969940e-03 9.999863505363464355e-01 3.511083602905273438e+01
9.999945759773254395e-01 -9.562954073771834373e-04 3.408963093534111977e-03 1.211938075721263885e-02 9.619590127840638161e-04 9.999981522560119629e-01 -1.659240457229316235e-03 -5.746231675148010254e-01 -3.407370997592806816e-03 1.662513823248445988e-03 9.999930262565612793e-01 3.650789642333984375e+01
9.999963641166687012e-01 -1.889547856990247965e-04 2.986144507303833961e-03 1.511475630104541779e-02 1.891396677820011973e-04 1.000000119209289551e+00 -6.045164263923652470e-05 -5.999004840850830078e-01 -2.986134029924869537e-03 6.102119732531718910e-05 9.999957680702209473e-01 3.790589523315429688e+01
9.999933838844299316e-01 2.514540217816829681e-03 2.962671453133225441e-03 1.696848869323730469e-02 -2.513423794880509377e-03 9.999969005584716797e-01 -3.789483453147113323e-04 -6.238524913787841797e-01 -2.963615581393241882e-03 3.715041384566575289e-04 9.999957680702209473e-01 3.930155944824218750e+01
9.999833106994628906e-01 5.051557905972003937e-03 3.101410577073693275e-03 1.942946948111057281e-02 -5.049834027886390686e-03 9.999872446060180664e-01 -5.613013054244220257e-04 -6.437119245529174805e-01 -3.104206873103976250e-03 5.456348881125450134e-04 9.999952912330627441e-01 4.070436859130859375e+01
9.999701380729675293e-01 7.203661371022462845e-03 3.111047670245170593e-03 1.916341483592987061e-02 -7.203530054539442062e-03 9.999741911888122559e-01 -5.033430352341383696e-05 -6.707244515419006348e-01 -3.111329860985279083e-03 2.792729901557322592e-05 9.999953508377075195e-01 4.211100006103515625e+01
9.999624490737915039e-01 8.308321237564086914e-03 2.843621186912059784e-03 2.134428173303604126e-02 -8.308995515108108521e-03 9.999656081199645996e-01 2.285407099407166243e-04 -6.941318511962890625e-01 -2.841625362634658813e-03 -2.521542774047702551e-04 9.999959468841552734e-01 4.351857757568359375e+01
9.999715685844421387e-01 7.259725593030452728e-03 2.412259113043546677e-03 2.622362039983272552e-02 -7.259295322000980377e-03 9.999737739562988281e-01 -1.830521796364337206e-04 -7.178579568862915039e-01 -2.413525246083736420e-03 1.655405940255150199e-04 9.999971389770507812e-01 4.492820739746093750e+01
9.999787807464599609e-01 6.426247302442789078e-03 1.720932079479098320e-03 3.086034022271633148e-02 -6.424855440855026245e-03 9.999791383743286133e-01 -8.074711076915264130e-04 -7.390248775482177734e-01 -1.726086251437664032e-03 7.964014657773077488e-04 9.999983310699462891e-01 4.634126281738281250e+01
9.999837875366210938e-01 5.800177343189716339e-03 7.616172661073505878e-04 3.408029302954673767e-02 -5.800119601190090179e-03 9.999833106994628906e-01 -6.597967876587063074e-05 -7.610314488410949707e-01 -7.619897369295358658e-04 6.156620656838640571e-05 9.999998807907104492e-01 4.775703430175781250e+01
9.999828934669494629e-01 6.010573823004961014e-03 -2.411980676697567105e-04 3.359218686819076538e-02 -6.010371726006269455e-03 9.999817013740539551e-01 7.926542311906814575e-04 -7.839855551719665527e-01 2.459546085447072983e-04 -7.911850116215646267e-04 9.999999403953552246e-01 4.917962646484375000e+01
9.999781250953674316e-01 6.648919545114040375e-03 -1.303820987232029438e-03 3.175529465079307556e-02 -6.647536531090736389e-03 9.999773502349853516e-01 1.052802079357206821e-03 -8.056349158287048340e-01 1.310787396505475044e-03 -1.044105738401412964e-03 9.999988675117492676e-01 5.060218048095703125e+01
9.999758601188659668e-01 6.638260092586278915e-03 -2.479485236108303070e-03 2.895792201161384583e-02 -6.636597681790590286e-03 9.999778270721435547e-01 6.739985547028481960e-04 -8.265407681465148926e-01 2.483899472281336784e-03 -6.575210136361420155e-04 9.999969601631164551e-01 5.202830123901367188e+01
9.999709725379943848e-01 6.882785353809595108e-03 -3.588307183235883713e-03 2.536972984671592712e-02 -6.875794380903244019e-03 9.999745488166809082e-01 1.954125007614493370e-03 -8.453834652900695801e-01 3.601659322157502174e-03 -1.929389080032706261e-03 9.999919533729553223e-01 5.345715332031250000e+01
9.999765157699584961e-01 5.497099831700325012e-03 -4.387413151562213898e-03 2.082932367920875549e-02 -5.484302528202533722e-03 9.999808669090270996e-01 2.921096980571746826e-03 -8.668316006660461426e-01 4.403379280120134354e-03 -2.896958496421575546e-03 9.999862909317016602e-01 5.488463592529296875e+01
9.999805688858032227e-01 4.003121517598628998e-03 -5.028585903346538544e-03 1.680860668420791626e-02 -3.988900221884250641e-03 9.999881386756896973e-01 2.833040431141853333e-03 -8.868800997734069824e-01 5.039859563112258911e-03 -2.812918508425354958e-03 9.999835491180419922e-01 5.631660079956054688e+01
9.999836683273315430e-01 1.719380379654467106e-03 -5.654452368617057800e-03 1.322900597006082535e-02 -1.705841743387281895e-03 9.999957680702209473e-01 2.396850148215889931e-03 -9.072442650794982910e-01 5.658540409058332443e-03 -2.387158572673797607e-03 9.999814033508300781e-01 5.774549865722656250e+01
9.999846816062927246e-01 3.749414463527500629e-04 -5.730778910219669342e-03 1.007524691522121429e-02 -3.586961247492581606e-04 9.999961256980895996e-01 2.834408078342676163e-03 -9.249469041824340820e-01 5.731809418648481369e-03 -2.832300495356321335e-03 9.999797940254211426e-01 5.917364883422851562e+01
9.999868273735046387e-01 -8.364903042092919350e-04 -5.300798919051885605e-03 6.524128373712301254e-03 8.549072081223130226e-04 9.999939203262329102e-01 3.472044598311185837e-03 -9.446035623550415039e-01 5.297852680087089539e-03 -3.476521000266075134e-03 9.999800920486450195e-01 6.060318374633789062e+01
9.999874234199523926e-01 -1.858792151324450970e-03 -4.917940124869346619e-03 2.764090662822127342e-03 1.878977287560701370e-03 9.999901056289672852e-01 4.102188162505626678e-03 -9.647484421730041504e-01 4.910258110612630844e-03 -4.111368209123611450e-03 9.999797344207763672e-01 6.202795791625976562e+01
9.999839663505554199e-01 -3.792552743107080460e-03 -4.488799255341291428e-03 -1.308360369876027107e-03 3.809038782492280006e-03 9.999862313270568848e-01 3.669131081551313400e-03 -9.878101348876953125e-01 4.474813584238290787e-03 -3.686162643134593964e-03 9.999834895133972168e-01 6.345198822021484375e+01
9.999792575836181641e-01 -5.296200979501008987e-03 -4.008206538856029510e-03 -2.873717574402689934e-03 5.307531915605068207e-03 9.999820590019226074e-01 2.820930210873484612e-03 -1.008175134658813477e+00 3.993187565356492996e-03 -2.842137590050697327e-03 9.999883174896240234e-01 6.487187957763671875e+01
9.999819397926330566e-01 -5.220469087362289429e-03 -3.359602298587560654e-03 -5.954078398644924164e-03 5.228052381426095963e-03 9.999839067459106445e-01 2.251725178211927414e-03 -1.029700160026550293e+00 3.347778925672173500e-03 -2.275060862302780151e-03 9.999920725822448730e-01 6.628941345214843750e+01
9.999919533729553223e-01 -3.482465399429202080e-03 -2.553141210228204727e-03 -1.002047210931777954e-02 3.488384885713458061e-03 9.999912977218627930e-01 2.316105877980589867e-03 -1.050202965736389160e+00 2.545041730627417564e-03 -2.332409610971808434e-03 9.999943971633911133e-01 6.770310974121093750e+01
9.999989271163940430e-01 -6.481359596364200115e-04 -2.068777801468968391e-03 -1.936458423733711243e-02 6.556920707225799561e-04 9.999932050704956055e-01 3.650431055575609207e-03 -1.076074957847595215e+00 2.066408051177859306e-03 -3.655216190963983536e-03 9.999915361404418945e-01 6.911592864990234375e+01
9.999958276748657227e-01 3.012869739904999733e-03 -1.287975697778165340e-03 -2.702293172478675842e-02 -3.006435465067625046e-03 9.999833106994628906e-01 4.960907157510519028e-03 -1.097831130027770996e+00 1.302929362282156944e-03 -4.961775150150060654e-03 9.999872446060180664e-01 7.052999877929687500e+01
9.999790191650390625e-01 6.659942679107189178e-03 -5.287448875606060028e-04 -3.513461723923683167e-02 -6.656913552433252335e-03 9.999626874923706055e-01 5.510826129466295242e-03 -1.118231177330017090e+00 5.655124550685286522e-04 -5.518381483852863312e-03 9.999850988388061523e-01 7.193977355957031250e+01
9.999390840530395508e-01 1.115148607641458511e-02 1.358805311610922217e-04 -4.214671254158020020e-02 -1.115201320499181747e-02 9.999247789382934570e-01 5.112815182656049728e-03 -1.135987162590026855e+00 -7.871689740568399429e-05 -5.123255308717489243e-03 9.999872446060180664e-01 7.333985137939453125e+01
9.998999834060668945e-01 1.421693153679370880e-02 8.503222488798201084e-04 -4.677610844373703003e-02 -1.422069407999515533e-02 9.998881816864013672e-01 4.621053114533424377e-03 -1.153311252593994141e+00 -7.843886269256472588e-04 -4.640367813408374786e-03 9.999894499778747559e-01 7.474244689941406250e+01
9.998662471771240234e-01 1.636600680649280548e-02 1.544957165606319904e-03 -5.327700823545455933e-02 -1.637255400419235229e-02 9.998564720153808594e-01 4.344503860920667648e-03 -1.177226066589355469e+00 -1.473446260206401348e-03 -4.379505291581153870e-03 9.999899864196777344e-01 7.614450073242187500e+01
9.998611807823181152e-01 1.663768664002418518e-02 1.883620629087090492e-03 -5.458535254001617432e-02 -1.664594374597072601e-02 9.998514056205749512e-01 4.472347907721996307e-03 -1.197942018508911133e+00 -1.808644621632993221e-03 -4.515827633440494537e-03 9.999887943267822266e-01 7.754077911376953125e+01
9.998806118965148926e-01 1.540194638073444366e-02 2.040509833022952080e-03 -5.287349596619606018e-02 -1.541124470531940460e-02 9.998705387115478516e-01 4.635587800294160843e-03 -1.218035101890563965e+00 -1.968669705092906952e-03 -4.674337338656187057e-03 9.999879002571105957e-01 7.893495178222656250e+01
9.998980760574340820e-01 1.423632539808750153e-02 1.959368819370865822e-03 -4.954276606440544128e-02 -1.424344442784786224e-02 9.998917579650878906e-01 3.684605937451124191e-03 -1.236655116081237793e+00 -1.906464109197258949e-03 -3.721424145624041557e-03 9.999920725822448730e-01 8.032544708251953125e+01
9.999089837074279785e-01 1.348989456892013550e-02 1.677214284427464008e-03 -4.883238300681114197e-02 -1.349577307701110840e-02 9.999026060104370117e-01 3.560727927833795547e-03 -1.258287072181701660e+00 -1.628702739253640175e-03 -3.595114219933748245e-03 9.999930262565612793e-01 8.171095275878906250e+01
9.999088048934936523e-01 1.353418547660112381e-02 1.448461902327835560e-03 -4.838835075497627258e-02 -1.353962346911430359e-02 9.999010562896728516e-01 3.833193797618150711e-03 -1.278676152229309082e+00 -1.396012492477893829e-03 -3.871262073516845703e-03 9.999921917915344238e-01 8.309720611572265625e+01
9.999154210090637207e-01 1.308012474328279495e-02 9.085326455533504486e-04 -5.269102752208709717e-02 -1.308304443955421448e-02 9.999089241027832031e-01 3.317813621833920479e-03 -1.300030946731567383e+00 -8.646689238958060741e-04 -3.349681152030825615e-03 9.999946355819702148e-01 8.448365783691406250e+01
9.999111294746398926e-01 1.343480497598648071e-02 1.870444975793361664e-04 -6.072036176919937134e-02 -1.343538425862789154e-02 9.999028444290161133e-01 3.681204281747341156e-03 -1.320245027542114258e+00 -1.371753751300275326e-04 -3.706283867359161377e-03 9.999938011169433594e-01 8.586560821533203125e+01
9.999160170555114746e-01 1.305411476641893387e-02 -7.454534061253070831e-04 -7.518076896667480469e-02 -1.305068470537662506e-02 9.999050498008728027e-01 4.397270735353231430e-03 -1.343695163726806641e+00 8.031775942072272301e-04 -4.412021022289991379e-03 9.999906420707702637e-01 8.725014495849609375e+01
9.999400377273559570e-01 1.093066297471523285e-02 -1.877980772405862808e-03 -8.437656611204147339e-02 -1.092023402452468872e-02 9.999253749847412109e-01 5.458592437207698822e-03 -1.362982153892517090e+00 1.937853056006133556e-03 -5.461678840219974518e-03 9.999837875366210938e-01 8.862908172607421875e+01
9.999581575393676758e-01 8.790750987827777863e-03 -3.086654935032129288e-03 -9.813267737627029419e-02 -8.771537803113460541e-03 9.999424815177917480e-01 6.176186725497245789e-03 -1.382640004158020020e+00 3.141057211905717850e-03 -6.168555468320846558e-03 9.999768137931823730e-01 9.000633239746093750e+01
9.999715685844421387e-01 6.803275551646947861e-03 -3.711645957082509995e-03 -1.110479012131690979e-01 -6.779625546187162399e-03 9.999570250511169434e-01 6.342127453535795212e-03 -1.399780869483947754e+00 3.754859557375311852e-03 -6.330995820462703705e-03 9.999735355377197266e-01 9.137522125244140625e+01
9.999777078628540039e-01 5.509765353053808212e-03 -4.188789986073970795e-03 -1.283355355262756348e-01 -5.485982168465852737e-03 9.999690651893615723e-01 5.663661286234855652e-03 -1.418058753013610840e+00 4.220037255436182022e-03 -5.649019498378038406e-03 9.999757409095764160e-01 9.274125671386718750e+01
9.999825954437255859e-01 4.282228648662567139e-03 -4.468502942472696304e-03 -1.454607695341110229e-01 -4.259211476892232895e-03 9.999779462814331055e-01 5.143992137163877487e-03 -1.435963749885559082e+00 4.490605089813470840e-03 -5.132524762302637100e-03 9.999773502349853516e-01 9.410337066650390625e+01
9.999788999557495117e-01 4.941468127071857452e-03 -4.604778718203306198e-03 -1.697052717208862305e-01 -4.919514525681734085e-03 9.999767541885375977e-01 4.762665834277868271e-03 -1.456189751625061035e+00 4.628380760550498962e-03 -4.743931815028190613e-03 9.999787211418151855e-01 9.546073150634765625e+01
9.999804496765136719e-01 4.738586489111185074e-03 -4.487420897930860519e-03 -1.913414001464843750e-01 -4.720312077552080154e-03 9.999806880950927734e-01 4.070438910275697708e-03 -1.476212620735168457e+00 4.506781231611967087e-03 -4.051353316754102707e-03 9.999822974205017090e-01 9.681377410888671875e+01
9.999777674674987793e-01 5.462043918669223785e-03 -4.246270284056663513e-03 -2.120319157838821411e-01 -5.447625182569026947e-03 9.999795556068420410e-01 3.395397681742906570e-03 -1.496477484703063965e+00 4.264919087290763855e-03 -3.378799417987465858e-03 9.999858140945434570e-01 9.816539764404296875e+01
9.999692440032958984e-01 7.060855627059936523e-03 -3.876958508044481277e-03 -2.344061732292175293e-01 -7.047177758067846298e-03 9.999690055847167969e-01 3.524912521243095398e-03 -1.517682552337646484e+00 3.901945427060127258e-03 -3.506812732666730881e-03 9.999867677688598633e-01 9.951506805419921875e+01
9.999668002128601074e-01 7.529277354478836060e-03 -3.627216210588812828e-03 -2.485721260309219360e-01 -7.511440198868513107e-03 9.999600648880004883e-01 4.900145344436168671e-03 -1.534998297691345215e+00 3.664155723527073860e-03 -4.878335166722536087e-03 9.999818205833435059e-01 1.008602142333984375e+02
9.999566674232482910e-01 8.833830244839191437e-03 -3.458307124674320221e-03 -2.694027423858642578e-01 -8.811337873339653015e-03 9.999406337738037109e-01 6.459625437855720520e-03 -1.556017398834228516e+00 3.515353659167885780e-03 -6.429830566048622131e-03 9.999735355377197266e-01 1.022053146362304688e+02
9.999614357948303223e-01 8.302272297441959381e-03 -3.413298167288303375e-03 -2.867608368396759033e-01 -8.284609764814376831e-03 9.999527335166931152e-01 5.149960517883300781e-03 -1.575246453285217285e+00 3.456088947132229805e-03 -5.124096293002367020e-03 9.999813437461853027e-01 1.035458297729492188e+02
9.999628067016601562e-01 8.173890411853790283e-03 -3.338214242830872536e-03 -3.053264021873474121e-01 -8.165517821907997131e-03 9.999640583992004395e-01 2.507096854969859123e-03 -1.596045374870300293e+00 3.358786925673484802e-03 -2.478210721164941788e-03 9.999916553497314453e-01 1.048844146728515625e+02
9.999668598175048828e-01 7.633292581886053085e-03 -3.387365490198135376e-03 -3.153963088989257812e-01 -7.628799416124820709e-03 9.999705553054809570e-01 1.330447499640285969e-03 -1.613298296928405762e+00 3.397637512534856796e-03 -1.298817223869264126e-03 9.999937415122985840e-01 1.062207183837890625e+02
9.999812841415405273e-01 5.504942499101161957e-03 -3.239057026803493500e-03 -3.343093991279602051e-01 -5.496395751833915710e-03 9.999819993972778320e-01 2.634820062667131424e-03 -1.638431429862976074e+00 3.253725357353687286e-03 -2.609789837151765823e-03 9.999917149543762207e-01 1.075652236938476562e+02
9.999933242797851562e-01 3.142115427181124687e-03 -2.625891240313649178e-03 -3.508139252662658691e-01 -3.129611024633049965e-03 9.999843835830688477e-01 4.744786769151687622e-03 -1.661274671554565430e+00 2.640999155119061470e-03 -4.734025336802005768e-03 9.999858140945434570e-01 1.089063415527343750e+02
9.999990463256835938e-01 1.561472425237298012e-03 -1.709525589831173420e-03 -3.737769722938537598e-01 -1.552190049551427364e-03 9.999846816062927246e-01 5.406525917351245880e-03 -1.686738491058349609e+00 1.718184212222695351e-03 -5.400601774454116821e-03 9.999844431877136230e-01 1.102445449829101562e+02
1.000001192092895508e+00 6.761708646081387997e-04 -1.000193413347005844e-03 -3.943158388137817383e-01 -6.721864920109510422e-04 9.999924302101135254e-01 3.960471134632825851e-03 -1.710101485252380371e+00 1.003117999061942101e-03 -3.958056680858135223e-03 9.999921917915344238e-01 1.115765609741210938e+02
9.999984502792358398e-01 2.581209642812609673e-03 -3.337582456879317760e-04 -4.137138724327087402e-01 -2.580666681751608849e-03 9.999958276748657227e-01 1.556833274662494659e-03 -1.733996748924255371e+00 3.380388079676777124e-04 -1.559289521537721157e-03 9.999991655349731445e-01 1.129049758911132812e+02
9.999914169311523438e-01 4.532683175057172775e-03 7.482805522158741951e-04 -4.219692945480346680e-01 -4.532177932560443878e-03 9.999899268150329590e-01 -6.455745897255837917e-04 -1.753985762596130371e+00 -7.509582792408764362e-04 6.457537529058754444e-04 1.000000000000000000e+00 1.142285614013671875e+02
9.999708533287048340e-01 7.570215500891208649e-03 2.161282813176512718e-03 -4.295908808708190918e-01 -7.568313274532556534e-03 9.999714493751525879e-01 -8.754174341447651386e-04 -1.775004029273986816e+00 -2.167659811675548553e-03 8.685396751388907433e-04 9.999978542327880859e-01 1.155600585937500000e+02
9.999549984931945801e-01 8.996745571494102478e-03 3.596948692575097084e-03 -4.334789514541625977e-01 -9.001416154205799103e-03 9.999590516090393066e-01 1.292099943384528160e-03 -1.794229865074157715e+00 -3.585025668144226074e-03 -1.306857797317206860e-03 9.999933242797851562e-01 1.168929443359375000e+02
9.999499320983886719e-01 9.079909883439540863e-03 4.667318891733884811e-03 -4.334162175655364990e-01 -9.097311645746231079e-03 9.999521374702453613e-01 3.727158298715949059e-03 -1.811794042587280273e+00 -4.633068107068538666e-03 -3.755229990929365158e-03 9.999827742576599121e-01 1.182273559570312500e+02
9.999545812606811523e-01 8.077899925410747528e-03 5.449548363685607910e-03 -4.306148290634155273e-01 -8.102024905383586884e-03 9.999579191207885742e-01 4.424715880304574966e-03 -1.825847268104553223e+00 -5.413347855210304260e-03 -4.450056701898574829e-03 9.999759793281555176e-01 1.195612564086914062e+02
9.999443292617797852e-01 8.587184362113475800e-03 6.468949839472770691e-03 -4.334157705307006836e-01 -8.611011318862438202e-03 9.999566674232482910e-01 3.668981138616800308e-03 -1.846322298049926758e+00 -6.436943542212247849e-03 -3.705123439431190491e-03 9.999730587005615234e-01 1.209044570922851562e+02
9.999188184738159180e-01 1.035033538937568665e-02 7.709261029958724976e-03 -4.472944140434265137e-01 -1.037510298192501068e-02 9.999415278434753418e-01 3.183681052178144455e-03 -1.880929231643676758e+00 -7.675654720515012741e-03 -3.248617751523852348e-03 9.999657869338989258e-01 1.222683486938476562e+02
9.998863339424133301e-01 1.238026935607194901e-02 8.849735371768474579e-03 -4.560756385326385498e-01 -1.240542251616716385e-02 9.999194741249084473e-01 2.797300694510340691e-03 -1.910030484199523926e+00 -8.814214728772640228e-03 -2.889039460569620132e-03 9.999574422836303711e-01 1.236241455078125000e+02
9.998663067817687988e-01 1.313731167465448380e-02 9.963138028979301453e-03 -4.622562825679779053e-01 -1.315501518547534943e-02 9.999123811721801758e-01 1.716444035992026329e-03 -1.940325498580932617e+00 -9.939539246261119843e-03 -1.832040143199265003e-03 9.999493956565856934e-01 1.249834442138671875e+02
9.998398423194885254e-01 1.423204224556684494e-02 1.105096004903316498e-02 -4.641343355178833008e-01 -1.424546353518962860e-02 9.998981952667236328e-01 1.139845931902527809e-03 -1.966295480728149414e+00 -1.103342790156602859e-02 -1.285991282202303410e-03 9.999388456344604492e-01 1.263370361328125000e+02
9.998409748077392578e-01 1.339484192430973053e-02 1.195756159722805023e-02 -4.708509743213653564e-01 -1.340613327920436859e-02 9.999099969863891602e-01 8.676740108057856560e-04 -2.006026268005371094e+00 -1.194464694708585739e-02 -1.019185525365173817e-03 9.999285936355590820e-01 1.276924285888671875e+02
9.998382925987243652e-01 1.286457944661378860e-02 1.272997353225946426e-02 -4.718108177185058594e-01 -1.288657356053590775e-02 9.999158382415771484e-01 1.649654004722833633e-03 -2.038343429565429688e+00 -1.270742993801832199e-02 -1.806188607588410378e-03 9.999182224273681641e-01 1.290495452880859375e+02
9.998391270637512207e-01 1.188960671424865723e-02 1.357742492109537125e-02 -4.742814004421234131e-01 -1.193360425531864166e-02 9.999240636825561523e-01 3.166745416820049286e-03 -2.073189258575439453e+00 -1.353846210986375809e-02 -3.321613185107707977e-03 9.999034404754638672e-01 1.304069366455078125e+02
9.998461604118347168e-01 1.089172530919313431e-02 1.389625575393438339e-02 -4.701269567012786865e-01 -1.093765441328287125e-02 9.999352097511291504e-01 3.235385520383715630e-03 -2.099488973617553711e+00 -1.385983731597661972e-02 -3.378870896995067596e-03 9.998989105224609375e-01 1.317556304931640625e+02
9.998669624328613281e-01 8.812565356492996216e-03 1.387259736657142639e-02 -4.656952917575836182e-01 -8.863626047968864441e-03 9.999544620513916016e-01 3.625223878771066666e-03 -2.127701997756958008e+00 -1.383965183049440384e-02 -3.741137683391571045e-03 9.998978972434997559e-01 1.331096191406250000e+02
9.998847842216491699e-01 7.142789661884307861e-03 1.354836486279964447e-02 -4.651045799255371094e-01 -7.199647370725870132e-03 9.999657869338989258e-01 4.154063761234283447e-03 -2.162932157516479492e+00 -1.351785473525524139e-02 -4.242551513016223907e-03 9.999004006385803223e-01 1.344613037109375000e+02
9.999017119407653809e-01 5.636627320200204849e-03 1.300501544028520584e-02 -4.661212563514709473e-01 -5.686384625732898712e-03 9.999769926071166992e-01 3.793554846197366714e-03 -2.198388099670410156e+00 -1.298294868320226669e-02 -3.856194438412785530e-03 9.999089837074279785e-01 1.358144989013671875e+02
9.999247789382934570e-01 4.048652946949005127e-03 1.174937095493078232e-02 -4.644969701766967773e-01 -4.092630464583635330e-03 9.999852180480957031e-01 3.722652560099959373e-03 -2.226308822631835938e+00 -1.173372659832239151e-02 -3.755982266739010811e-03 9.999248981475830078e-01 1.371604919433593750e+02
9.999411106109619141e-01 2.791734412312507629e-03 1.067838724702596664e-02 -4.645738005638122559e-01 -2.842427929863333702e-03 9.999851584434509277e-01 4.736389964818954468e-03 -2.254853963851928711e+00 -1.066457014530897141e-02 -4.755052737891674042e-03 9.999326467514038086e-01 1.385122985839843750e+02
9.999547004699707031e-01 1.228063483722507954e-03 9.656597860157489777e-03 -4.641821086406707764e-01 -1.276885624974966049e-03 9.999869465827941895e-01 5.052513908594846725e-03 -2.281748771667480469e+00 -9.649826213717460632e-03 -5.053895991295576096e-03 9.999413490295410156e-01 1.398624877929687500e+02
9.999670386314392090e-01 4.853882128372788429e-04 8.355204015970230103e-03 -4.674433171749114990e-01 -5.268779350444674492e-04 9.999880790710449219e-01 4.965535365045070648e-03 -2.314865589141845703e+00 -8.352254517376422882e-03 -4.955463111400604248e-03 9.999535679817199707e-01 1.412127838134765625e+02
9.999768733978271484e-01 2.292771241627633572e-04 7.102155126631259918e-03 -4.704589247703552246e-01 -2.612661919556558132e-04 9.999904036521911621e-01 4.505001939833164215e-03 -2.341885566711425781e+00 -7.100609596818685532e-03 -4.492785315960645676e-03 9.999654889106750488e-01 1.425620727539062500e+02
9.999837279319763184e-01 -1.461809442844241858e-04 6.061122752726078033e-03 -4.747036695480346680e-01 1.219096593558788300e-04 9.999924898147583008e-01 4.006240051239728928e-03 -2.367454051971435547e+00 -6.061214022338390350e-03 -3.990309312939643860e-03 9.999745488166809082e-01 1.439097595214843750e+02
9.999879002571105957e-01 -1.774248899891972542e-03 5.074863322079181671e-03 -4.789029359817504883e-01 1.762945088557898998e-03 9.999964833259582520e-01 2.232536207884550095e-03 -2.395023107528686523e+00 -5.078335292637348175e-03 -2.207894343882799149e-03 9.999854564666748047e-01 1.452576446533203125e+02
9.999679923057556152e-01 -7.298628333956003189e-03 3.947409801185131073e-03 -4.813940823078155518e-01 7.295554969459772110e-03 9.999735355377197266e-01 7.925713434815406799e-04 -2.426592111587524414e+00 -3.952558618038892746e-03 -7.504451787099242210e-04 9.999926686286926270e-01 1.466009521484375000e+02
9.998991489410400391e-01 -1.409571059048175812e-02 2.802845090627670288e-03 -4.844166338443756104e-01 1.408554706722497940e-02 9.998948574066162109e-01 3.608253784477710724e-03 -2.462968349456787109e+00 -2.852805657312273979e-03 -3.555362578481435776e-03 9.999904036521911621e-01 1.479536285400390625e+02
9.997654557228088379e-01 -2.173084951937198639e-02 1.320180599577724934e-03 -4.832858741283416748e-01 2.172461897134780884e-02 9.997540712356567383e-01 4.543877206742763519e-03 -2.489365577697753906e+00 -1.417863066308200359e-03 -4.497746471315622330e-03 9.999896287918090820e-01 1.493028411865234375e+02
9.996885657310485840e-01 -2.504952624440193176e-02 1.332404353888705373e-04 -4.888001680374145508e-01 2.504915930330753326e-02 9.996845126152038574e-01 2.113372320309281349e-03 -2.518616199493408203e+00 -1.853676076279953122e-04 -2.091601723805069923e-03 9.999985694885253906e-01 1.506479339599609375e+02
9.996864795684814453e-01 -2.513257972896099091e-02 3.807395114563405514e-04 -4.979870319366455078e-01 2.513321861624717712e-02 9.996829032897949219e-01 -1.884705037809908390e-03 -2.545627117156982422e+00 -3.324456047266721725e-04 1.912732142955064774e-03 9.999989271163940430e-01 1.519915161132812500e+02
9.997686147689819336e-01 -2.158753946423530579e-02 1.248821383342146873e-03 -5.139913558959960938e-01 2.159193903207778931e-02 9.997609257698059082e-01 -3.645132062956690788e-03 -2.581791162490844727e+00 -1.168986433185636997e-03 3.692453494295477867e-03 9.999932646751403809e-01 1.533371124267578125e+02
9.997730255126953125e-01 -2.133192121982574463e-02 2.001940505579113960e-03 -5.203421115875244141e-01 2.133906073868274689e-02 9.997664690017700195e-01 -3.630063962191343307e-03 -2.611884117126464844e+00 -1.923226052895188332e-03 3.693519160151481628e-03 9.999920129776000977e-01 1.546841125488281250e+02
9.997096061706542969e-01 -2.405943721532821655e-02 2.609291812404990196e-03 -5.188391208648681641e-01 2.406074292957782745e-02 9.997111558914184570e-01 -4.795239074155688286e-04 -2.641448259353637695e+00 -2.596177626401185989e-03 5.625787889584898949e-04 9.999971389770507812e-01 1.560327453613281250e+02
9.995622634887695312e-01 -2.951224520802497864e-02 3.081809496507048607e-03 -5.104886889457702637e-01 2.950367704033851624e-02 9.995615482330322266e-01 2.776579465717077255e-03 -2.666162014007568359e+00 -3.161587519571185112e-03 -2.665951848030090332e-03 9.999921917915344238e-01 1.573827362060546875e+02
9.994308948516845703e-01 -3.366707265377044678e-02 3.070722566917538643e-03 -4.996063411235809326e-01 3.365625813603401184e-02 9.994280934333801270e-01 3.494314150884747505e-03 -2.689149141311645508e+00 -3.185641951858997345e-03 -3.368984675034880638e-03 9.999899864196777344e-01 1.587317352294921875e+02
9.993691444396972656e-01 -3.546250984072685242e-02 3.006808692589402199e-03 -4.908910691738128662e-01 3.545074537396430969e-02 9.993646144866943359e-01 3.864767495542764664e-03 -2.711381912231445312e+00 -3.141113091260194778e-03 -3.736484330147504807e-03 9.999887943267822266e-01 1.600784149169921875e+02
9.994201064109802246e-01 -3.391119465231895447e-02 3.821919905021786690e-03 -4.848775267601013184e-01 3.389485925436019897e-02 9.994169473648071289e-01 4.248698707669973373e-03 -2.736778736114501953e+00 -3.962871618568897247e-03 -4.095392301678657532e-03 9.999844431877136230e-01 1.614288024902343750e+02
9.995403885841369629e-01 -2.997711673378944397e-02 5.043706391006708145e-03 -4.836533665657043457e-01 2.995752170681953430e-02 9.995440840721130371e-01 3.909709397703409195e-03 -2.760602951049804688e+00 -5.157657433301210403e-03 -3.734323196113109589e-03 9.999803900718688965e-01 1.627785949707031250e+02
9.996321201324462891e-01 -2.654353901743888855e-02 5.992338992655277252e-03 -4.767820537090301514e-01 2.653484791517257690e-02 9.996472597122192383e-01 1.518787816166877747e-03 -2.787253141403198242e+00 -6.029645912349224091e-03 -1.337936148047447205e-03 9.999817609786987305e-01 1.641293029785156250e+02
9.996987581253051758e-01 -2.370312996208667755e-02 6.750241853296756744e-03 -4.687857627868652344e-01 2.369906567037105560e-02 9.997194409370422363e-01 6.776091759093105793e-04 -2.810666322708129883e+00 -6.763498298823833466e-03 -4.918885533697903156e-04 9.999777674674987793e-01 1.654805145263671875e+02
9.997413754463195801e-01 -2.170103415846824646e-02 7.145437411963939667e-03 -4.599280655384063721e-01 2.168706245720386505e-02 9.997632503509521484e-01 2.022976055741310120e-03 -2.835557222366333008e+00 -7.186813279986381531e-03 -1.841046963818371296e-03 9.999731779098510742e-01 1.668388214111328125e+02
9.997771978378295898e-01 -2.006193809211254120e-02 6.919404957443475723e-03 -4.494856894016265869e-01 2.004974149167537689e-02 9.997978806495666504e-01 1.825344981625676155e-03 -2.861985206604003906e+00 -6.953905336558818817e-03 -1.662199152633547783e-03 9.999751448631286621e-01 1.681997985839843750e+02
9.998172521591186523e-01 -1.813303306698799133e-02 6.434427574276924133e-03 -4.424453675746917725e-01 1.813721098005771637e-02 9.998359680175781250e-01 -5.943424184806644917e-04 -2.886559247970581055e+00 -6.421871017664670944e-03 7.382569601759314537e-04 9.999797940254211426e-01 1.695599975585937500e+02
9.998776912689208984e-01 -1.463469676673412323e-02 5.933103151619434357e-03 -4.389733672142028809e-01 1.465568039566278458e-02 9.998869895935058594e-01 -3.510451409965753555e-03 -2.914239168167114258e+00 -5.880448035895824432e-03 3.627067897468805313e-03 9.999768137931823730e-01 1.709195709228515625e+02
9.999385476112365723e-01 -9.733318351209163666e-03 5.740263964980840683e-03 -4.111558198928833008e-01 9.761031717061996460e-03 9.999412894248962402e-01 -4.820710979402065277e-03 -2.932729959487915039e+00 -5.692468490451574326e-03 4.906678572297096252e-03 9.999724626541137695e-01 1.722838592529296875e+02
9.999708533287048340e-01 -5.143158603459596634e-03 6.037021055817604065e-03 -3.881133794784545898e-01 5.167244933545589447e-03 9.999792575836181641e-01 -3.980536013841629028e-03 -2.960770130157470703e+00 -6.015997380018234253e-03 4.038894549012184143e-03 9.999744296073913574e-01 1.736525421142578125e+02
9.999791383743286133e-01 -1.828113105148077011e-03 6.567249074578285217e-03 -3.779314756393432617e-01 1.838046824559569359e-03 9.999978542327880859e-01 -1.505772583186626434e-03 -2.986447095870971680e+00 -6.564184091985225677e-03 1.546070794574916363e-03 9.999778866767883301e-01 1.750288543701171875e+02
9.999788403511047363e-01 -1.477614045143127441e-03 6.696036551147699356e-03 -3.588795661926269531e-01 1.474506803788244724e-03 9.999993443489074707e-01 4.701401048805564642e-04 -3.008538007736206055e+00 -6.696437485516071320e-03 -4.314332036301493645e-04 9.999782443046569824e-01 1.764083557128906250e+02
9.999755024909973145e-01 -4.339604172855615616e-03 5.909503437578678131e-03 -3.405322134494781494e-01 4.328939132392406464e-03 9.999895095825195312e-01 1.816914416849613190e-03 -3.013911962509155273e+00 -5.916954949498176575e-03 -1.761694904416799545e-03 9.999815821647644043e-01 1.777849578857421875e+02
9.999696612358093262e-01 -6.892817094922065735e-03 4.231983330100774765e-03 -3.214055597782135010e-01 6.885793060064315796e-03 9.999755024909973145e-01 1.671890495344996452e-03 -3.022951841354370117e+00 -4.242930095642805099e-03 -1.608735532499849796e-03 9.999904632568359375e-01 1.791604309082031250e+02
9.999734163284301758e-01 -7.309316191822290421e-03 2.170151099562644958e-03 -3.136558532714843750e-01 7.314600050449371338e-03 9.999708533287048340e-01 -2.437949646264314651e-03 -3.041121959686279297e+00 -2.151782391592860222e-03 2.484878292307257652e-03 9.999953508377075195e-01 1.805417480468750000e+02
9.999827742576599121e-01 -6.249174010008573532e-03 6.762730190530419350e-04 -3.090008795261383057e-01 6.253722589462995529e-03 9.999567866325378418e-01 -6.947886664420366287e-03 -3.062098979949951172e+00 -6.323856650851666927e-04 6.982989609241485596e-03 9.999762177467346191e-01 1.819211425781250000e+02
1.000001430511474609e+00 -1.472013769671320915e-03 7.625052967341616750e-05 -3.140577375888824463e-01 1.472577801905572414e-03 9.999682903289794922e-01 -7.868716493248939514e-03 -3.088156938552856445e+00 -6.435986142605543137e-05 7.897596806287765503e-03 9.999696016311645508e-01 1.833095550537109375e+02
9.999991059303283691e-01 2.593237208202481270e-03 -4.985692794434726238e-05 -3.186571598052978516e-01 -2.593489130958914757e-03 9.999760985374450684e-01 -6.476319395005702972e-03 -3.114464998245239258e+00 3.324460703879594803e-05 6.507467478513717651e-03 9.999796152114868164e-01 1.847036285400390625e+02
9.999932646751403809e-01 4.303543828427791595e-03 2.334254968445748091e-04 -3.141318559646606445e-01 -4.302703775465488434e-03 9.999853968620300293e-01 -3.405584488064050674e-03 -3.137554168701171875e+00 -2.479440590832382441e-04 3.433674806728959084e-03 9.999948740005493164e-01 1.860991058349609375e+02
9.999893307685852051e-01 5.091040395200252533e-03 6.512888357974588871e-04 -3.087290525436401367e-01 -5.090214312076568604e-03 9.999867081642150879e-01 -1.231494825333356857e-03 -3.164477109909057617e+00 -6.574381259270012379e-04 1.255076494999229908e-03 9.999997615814208984e-01 1.874984741210937500e+02
9.999923706054687500e-01 4.448733292520046234e-03 7.330870721489191055e-04 -3.089340627193450928e-01 -4.448407795280218124e-03 9.999904632568359375e-01 -4.171879554633051157e-04 -3.193944215774536133e+00 -7.348092040047049522e-04 4.396061995066702366e-04 1.000000596046447754e+00 1.888999786376953125e+02
9.999980330467224121e-01 2.954017138108611107e-03 6.755498470738530159e-04 -3.070224821567535400e-01 -2.954246010631322861e-03 9.999959468841552734e-01 3.634355380199849606e-04 -3.221857309341430664e+00 -6.743295234628021717e-04 -3.417497500777244568e-04 1.000000476837158203e+00 1.903044586181640625e+02
1.000002384185791016e+00 3.667256387416273355e-04 6.633035955019295216e-04 -3.030055761337280273e-01 -3.672444727271795273e-04 9.999999403953552246e-01 8.003971306607127190e-04 -3.250529527664184570e+00 -6.627973634749650955e-04 -7.733672391623258591e-04 1.000000476837158203e+00 1.917124786376953125e+02
9.999995827674865723e-01 -2.296792808920145035e-03 1.039531663991510868e-03 -3.007571697235107422e-01 2.295956714078783989e-03 9.999973773956298828e-01 8.102754945866763592e-04 -3.281161785125732422e+00 -1.041111769154667854e-03 -7.831432158127427101e-04 1.000000119209289551e+00 1.931209869384765625e+02
9.999879002571105957e-01 -5.294337868690490723e-03 1.369559671729803085e-03 -2.979351580142974854e-01 5.291907116770744324e-03 9.999848008155822754e-01 1.772741205058991909e-03 -3.314134359359741211e+00 -1.378557179123163223e-03 -1.738793333061039448e-03 9.999985694885253906e-01 1.945393676757812500e+02
9.999573826789855957e-01 -9.368633851408958435e-03 1.771590788848698139e-03 -2.945314943790435791e-01 9.362236596643924713e-03 9.999500513076782227e-01 3.580282907932996750e-03 -3.344373941421508789e+00 -1.804546685889363289e-03 -3.535220865160226822e-03 9.999932050704956055e-01 1.959588470458984375e+02
9.999187588691711426e-01 -1.280490681529045105e-02 1.997361192479729652e-03 -2.955061793327331543e-01 1.279760617762804031e-02 9.999118447303771973e-01 3.617329290136694908e-03 -3.384556770324707031e+00 -2.042916603386402130e-03 -3.562841098755598068e-03 9.999926686286926270e-01 1.973805847167968750e+02
9.999403953552246094e-01 -1.094350032508373260e-02 2.233360661193728447e-03 -2.998650968074798584e-01 1.094486471265554428e-02 9.999402761459350586e-01 -6.040259613655507565e-04 -3.419364213943481445e+00 -2.226123819127678871e-03 6.531023536808788776e-04 9.999984502792358398e-01 1.988008117675781250e+02
9.999894499778747559e-01 -4.404772073030471802e-03 2.705783117562532425e-03 -3.150047659873962402e-01 4.421537742018699646e-03 9.999712109565734863e-01 -6.220737472176551819e-03 -3.471362590789794922e+00 -2.677943557500839233e-03 6.255993153899908066e-03 9.999780654907226562e-01 2.002239074707031250e+02
9.999831318855285645e-01 4.937693476676940918e-03 3.867013845592737198e-03 -3.322001397609710693e-01 -4.911546595394611359e-03 9.999654889106750488e-01 -6.735800765454769135e-03 -3.515078544616699219e+00 -3.900002455338835716e-03 6.741042248904705048e-03 9.999707341194152832e-01 2.016569976806640625e+02
9.999017715454101562e-01 1.319132931530475616e-02 5.303134210407733917e-03 -3.485823869705200195e-01 -1.317802164703607559e-02 9.999102950096130371e-01 -2.527295378968119621e-03 -3.555575609207153320e+00 -5.336063448339700699e-03 2.483146963641047478e-03 9.999837875366210938e-01 2.030944671630859375e+02
9.998767375946044922e-01 1.466153282672166824e-02 6.089247297495603561e-03 -3.518448770046234131e-01 -1.466091163456439972e-02 9.998928904533386230e-01 -1.386865478707477450e-04 -3.580326557159423828e+00 -6.090691313147544861e-03 7.261345308506861329e-05 9.999825954437255859e-01 2.045321655273437500e+02
9.999075531959533691e-01 1.262631732970476151e-02 5.556521937251091003e-03 -3.481373786926269531e-01 -1.262550055980682373e-02 9.999207854270935059e-01 -1.752342650434002280e-04 -3.604083061218261719e+00 -5.558270495384931564e-03 1.280334545299410820e-04 9.999856948852539062e-01 2.059700775146484375e+02
9.999476075172424316e-01 9.535361081361770630e-03 4.390283022075891495e-03 -3.438327014446258545e-01 -9.534923359751701355e-03 9.999549388885498047e-01 -1.122369576478376985e-04 -3.628673791885375977e+00 -4.391069523990154266e-03 9.364409197587519884e-05 9.999915361404418945e-01 2.074179840087890625e+02
9.999725222587585449e-01 7.056728936731815338e-03 3.265365725383162498e-03 -3.421994149684906006e-01 -7.056151516735553741e-03 9.999755024909973145e-01 -1.791636022971943021e-04 -3.650885581970214844e+00 -3.266409039497375488e-03 1.775422133505344391e-04 9.999959468841552734e-01 2.088675842285156250e+02
9.999715089797973633e-01 7.421229034662246704e-03 2.746375044807791710e-03 -3.429652452468872070e-01 -7.418322842568159103e-03 9.999722838401794434e-01 -1.054969849064946175e-03 -3.674359321594238281e+00 -2.754030050709843636e-03 1.058108638972043991e-03 9.999969601631164551e-01 2.103228454589843750e+02
9.999600052833557129e-01 8.865994401276111603e-03 2.639874350279569626e-03 -3.479523956775665283e-01 -8.863561786711215973e-03 9.999606609344482422e-01 -9.180157794617116451e-04 -3.708944559097290039e+00 -2.647816669195890427e-03 9.155311854556202888e-04 9.999974370002746582e-01 2.117845611572265625e+02
9.999485015869140625e-01 1.011610124260187149e-02 2.524504205211997032e-03 -3.533174991607666016e-01 -1.011624932289123535e-02 9.999492764472961426e-01 6.079184822738170624e-05 -3.741769075393676758e+00 -2.523696515709161758e-03 -6.343278073472902179e-05 9.999982714653015137e-01 2.132449798583984375e+02
9.999548792839050293e-01 9.528227150440216064e-03 2.287642797455191612e-03 -3.575823009014129639e-01 -9.528045542538166046e-03 9.999550580978393555e-01 -7.338341674767434597e-05 -3.778064966201782227e+00 -2.288093790411949158e-03 7.262769213411957026e-05 9.999988675117492676e-01 2.147138824462890625e+02
9.999596476554870605e-01 9.109527803957462311e-03 1.882102573290467262e-03 -3.574853539466857910e-01 -9.106727316975593567e-03 9.999577403068542480e-01 -1.472662785090506077e-03 -3.809987306594848633e+00 -1.895291730761528015e-03 1.478565623983740807e-03 9.999986290931701660e-01 2.161860656738281250e+02
9.999665617942810059e-01 8.359243161976337433e-03 1.687680021859705448e-03 -3.559826910495758057e-01 -8.356564678251743317e-03 9.999642372131347656e-01 -1.567354775033891201e-03 -3.837086915969848633e+00 -1.700578955933451653e-03 1.577429939061403275e-03 9.999988079071044922e-01 2.176611633300781250e+02
9.999644160270690918e-01 8.710938505828380585e-03 1.240728772245347500e-03 -3.604897558689117432e-01 -8.709386922419071198e-03 9.999617338180541992e-01 -1.221142709255218506e-03 -3.867618799209594727e+00 -1.251209527254104614e-03 1.233109622262418270e-03 9.999998211860656738e-01 2.191415710449218750e+02
9.999644756317138672e-01 8.743666112422943115e-03 8.939235704019665718e-04 -3.669062554836273193e-01 -8.742038160562515259e-03 9.999606609344482422e-01 -1.766649773344397545e-03 -3.899693727493286133e+00 -9.092157124541699886e-04 1.781542901881039143e-03 9.999992251396179199e-01 2.206188812255859375e+02
9.999642372131347656e-01 8.794235996901988983e-03 6.937202415429055691e-04 -3.711897134780883789e-01 -8.792766369879245758e-03 9.999596476554870605e-01 -2.036549616605043411e-03 -3.933170080184936523e+00 -7.114390027709305286e-04 2.052500378340482712e-03 9.999988675117492676e-01 2.221050109863281250e+02
9.999541640281677246e-01 9.892734698951244354e-03 3.480351297184824944e-04 -3.755082786083221436e-01 -9.891986846923828125e-03 9.999496340751647949e-01 -1.976623665541410446e-03 -3.961695671081542969e+00 -3.674884792417287827e-04 1.998613122850656509e-03 9.999992251396179199e-01 2.235890960693359375e+02
9.999576210975646973e-01 9.535303339362144470e-03 3.059677283090422861e-06 -3.771517872810363770e-01 -9.535227902233600616e-03 9.999523162841796875e-01 -2.380066784098744392e-03 -3.990502834320068359e+00 -2.564881833677645773e-05 2.401460893452167511e-03 9.999984502792358398e-01 2.250786132812500000e+02
9.999527931213378906e-01 1.003815606236457825e-02 -2.604553301353007555e-04 -3.787722289562225342e-01 -1.003866922110319138e-02 9.999475479125976562e-01 -2.264914568513631821e-03 -4.017067432403564453e+00 2.377838391112163663e-04 2.290035597980022430e-03 9.999986886978149414e-01 2.265688323974609375e+02
9.999617934226989746e-01 9.094640612602233887e-03 -3.650936123449355364e-04 -3.785281181335449219e-01 -9.095351211726665497e-03 9.999568462371826172e-01 -2.127616666257381439e-03 -4.048136711120605469e+00 3.457736747805029154e-04 2.155677182599902153e-03 9.999989271163940430e-01 2.280599212646484375e+02
9.999724030494689941e-01 7.840352132916450500e-03 -2.576879924163222313e-04 -3.786628544330596924e-01 -7.840991020202636719e-03 9.999659657478332520e-01 -2.764801960438489914e-03 -4.075078487396240234e+00 2.360665530432015657e-04 2.791030099615454674e-03 9.999973177909851074e-01 2.295508117675781250e+02
9.999808669090270996e-01 6.708970759063959122e-03 -8.900799002731218934e-05 -3.766101002693176270e-01 -6.709125358611345291e-03 9.999751448631286621e-01 -2.414915012195706367e-03 -4.099043846130371094e+00 7.287641346920281649e-05 2.438594587147235870e-03 9.999982118606567383e-01 2.310451049804687500e+02
9.999902844429016113e-01 5.120343994349241257e-03 1.128446456277742982e-04 -3.745715618133544922e-01 -5.120111629366874695e-03 9.999859929084777832e-01 -1.666316413320600986e-03 -4.124993324279785156e+00 -1.212414790643379092e-04 1.687135896645486355e-03 9.999998211860656738e-01 2.325418090820312500e+02
9.999911189079284668e-01 4.961855243891477585e-03 1.048815320245921612e-04 -3.739640414714813232e-01 -4.961685277521610260e-03 9.999873638153076172e-01 -1.231552218087017536e-03 -4.153623580932617188e+00 -1.108388314605690539e-04 1.251506153494119644e-03 1.000000596046447754e+00 2.340375213623046875e+02
9.999892115592956543e-01 5.337998270988464355e-03 2.022062835749238729e-05 -3.764705955982208252e-01 -5.337926559150218964e-03 9.999852180480957031e-01 -1.389781362377107143e-03 -4.186332702636718750e+00 -2.750932071649003774e-05 1.409522141329944134e-03 1.000000238418579102e+00 2.355387420654296875e+02
9.999852180480957031e-01 6.028213072568178177e-03 2.363442617934197187e-04 -3.784090578556060791e-01 -6.027530413120985031e-03 9.999787211418151855e-01 -2.625308698043227196e-03 -4.220225811004638672e+00 -2.519997069612145424e-04 2.637851517647504807e-03 9.999977350234985352e-01 2.370443878173828125e+02
9.999765157699584961e-01 7.300790864974260330e-03 7.680292474105954170e-04 -3.814956843852996826e-01 -7.299326825886964798e-03 9.999718666076660156e-01 -1.833165646530687809e-03 -4.253314971923828125e+00 -7.812234689481556416e-04 1.839197124354541302e-03 9.999992251396179199e-01 2.385497131347656250e+02
9.999735355377197266e-01 7.615086622536182404e-03 1.421640859916806221e-03 -3.829078972339630127e-01 -7.615885231643915176e-03 9.999709725379943848e-01 5.892789340578019619e-04 -4.285387992858886719e+00 -1.416966086253523827e-03 -5.868585431016981602e-04 1.000000000000000000e+00 2.400601043701171875e+02
9.999747872352600098e-01 7.345213089138269424e-03 1.934967702254652977e-03 -3.820937275886535645e-01 -7.347059901803731918e-03 9.999726414680480957e-01 9.725309209898114204e-04 -4.315102577209472656e+00 -1.927637844346463680e-03 -9.690027218312025070e-04 9.999989271163940430e-01 2.415709686279296875e+02
9.999719262123107910e-01 7.596402429044246674e-03 2.404243452474474907e-03 -3.818809986114501953e-01 -7.594879250973463058e-03 9.999710321426391602e-01 -6.227456615306437016e-04 -4.347137451171875000e+00 -2.408750820904970169e-03 6.214047898538410664e-04 9.999980330467224121e-01 2.430870361328125000e+02
9.999706745147705078e-01 7.565021980553865433e-03 2.950407331809401512e-03 -3.796405792236328125e-01 -7.559123914688825607e-03 9.999695420265197754e-01 -1.989573705941438675e-03 -4.377645015716552734e+00 -2.965198596939444542e-03 1.982304500415921211e-03 9.999946951866149902e-01 2.446017456054687500e+02
9.999614953994750977e-01 8.594260551035404205e-03 3.260447643697261810e-03 -3.770791888236999512e-01 -8.589233271777629852e-03 9.999620914459228516e-01 -1.537154777906835079e-03 -4.404695034027099609e+00 -3.273385576903820038e-03 1.523820217698812485e-03 9.999945759773254395e-01 2.461228332519531250e+02
9.999654293060302734e-01 8.101721294224262238e-03 3.326850943267345428e-03 -3.721583485603332520e-01 -8.099731989204883575e-03 9.999671578407287598e-01 -5.968817276880145073e-04 -4.432020664215087891e+00 -3.331484505906701088e-03 5.868283915333449841e-04 9.999953508377075195e-01 2.476473999023437500e+02
9.999657869338989258e-01 8.179665543138980865e-03 3.022573888301849365e-03 -3.683896362781524658e-01 -8.180093020200729370e-03 9.999667406082153320e-01 1.440064661437645555e-04 -4.458217620849609375e+00 -3.021207638084888458e-03 -1.484913809690624475e-04 9.999964237213134766e-01 2.491678771972656250e+02
9.999637603759765625e-01 8.505858480930328369e-03 2.798126777634024620e-03 -3.658956289291381836e-01 -8.507172577083110809e-03 9.999639391899108887e-01 4.745774785988032818e-04 -4.487061500549316406e+00 -2.793895546346902847e-03 -4.785272176377475262e-04 9.999970197677612305e-01 2.506960906982421875e+02
9.999502301216125488e-01 9.971508756279945374e-03 2.839541062712669373e-03 -3.629869222640991211e-01 -9.973107837140560150e-03 9.999502897262573242e-01 5.680824397131800652e-04 -4.511299610137939453e+00 -2.833655802533030510e-03 -5.742615321651101112e-04 9.999967217445373535e-01 2.522238006591796875e+02
9.999393820762634277e-01 1.095125451683998108e-02 3.044278128072619438e-03 -3.598910570144653320e-01 -1.095305662602186203e-02 9.999399185180664062e-01 5.963385920040309429e-04 -4.535743713378906250e+00 -3.037515794858336449e-03 -6.083415937609970570e-04 9.999959468841552734e-01 2.537566833496093750e+02
9.999330639839172363e-01 1.155161671340465546e-02 2.931943861767649651e-03 -3.565295338630676270e-01 -1.155342813581228256e-02 9.999331831932067871e-01 6.206622347235679626e-04 -4.558440685272216797e+00 -2.924639033153653145e-03 -6.316025974228978157e-04 9.999963045120239258e-01 2.552881927490234375e+02
9.999500513076782227e-01 9.972942993044853210e-03 2.944513689726591110e-03 -3.519006669521331787e-01 -9.975700639188289642e-03 9.999500513076782227e-01 9.406408644281327724e-04 -4.584939479827880859e+00 -2.935027237981557846e-03 -9.448067285120487213e-04 9.999960064888000488e-01 2.568226623535156250e+02
9.999641776084899902e-01 8.473867550492286682e-03 2.849633106961846352e-03 -3.474499881267547607e-01 -8.479102514684200287e-03 9.999623894691467285e-01 1.846166793256998062e-03 -4.611577033996582031e+00 -2.833863487467169762e-03 -1.842501689679920673e-03 9.999950528144836426e-01 2.583608703613281250e+02
9.999840259552001953e-01 5.649050232023000717e-03 2.911627059802412987e-03 -3.408007025718688965e-01 -5.657360423356294632e-03 9.999799728393554688e-01 2.865670714527368546e-03 -4.637603282928466797e+00 -2.895304234698414803e-03 -2.854085061699151993e-03 9.999926090240478516e-01 2.598999633789062500e+02
9.999925494194030762e-01 4.111349582672119141e-03 2.589969895780086517e-03 -3.346788585186004639e-01 -4.116736352443695068e-03 9.999893307685852051e-01 2.088634530082345009e-03 -4.662235736846923828e+00 -2.581235487014055252e-03 -2.074144314974546432e-03 9.999954700469970703e-01 2.614348449707031250e+02
9.999975562095642090e-01 2.887481357902288437e-03 2.307498827576637268e-03 -3.291350007057189941e-01 -2.889026654884219170e-03 9.999957084655761719e-01 6.765840807929635048e-04 -4.686550140380859375e+00 -2.305385889485478401e-03 -6.545862997882068157e-04 9.999979138374328613e-01 2.629727478027343750e+02
9.999997615814208984e-01 9.355666697956621647e-04 2.883671550080180168e-03 -3.253749608993530273e-01 -9.427160257473587990e-04 9.999965429306030273e-01 2.484081080183386803e-03 -4.715744018554687500e+00 -2.881144871935248375e-03 -2.459331182762980461e-03 9.999936819076538086e-01 2.645109252929687500e+02
9.999989271163940430e-01 -1.234170631505548954e-04 3.329174360260367393e-03 -3.249058127403259277e-01 1.067427074303850532e-04 9.999875426292419434e-01 5.011501256376504898e-03 -4.748172283172607422e+00 -3.329525236040353775e-03 -4.983818624168634415e-03 9.999828338623046875e-01 2.660568237304687500e+02
9.999963641166687012e-01 -2.066116547212004662e-03 3.459425875917077065e-03 -3.208191394805908203e-01 2.052248222753405571e-03 9.999899268150329590e-01 4.008461721241474152e-03 -4.788370132446289062e+00 -3.467392409220337868e-03 -3.973803482949733734e-03 9.999870061874389648e-01 2.675977172851562500e+02
9.999931454658508301e-01 -2.908705500885844231e-03 3.750889096409082413e-03 -3.173954486846923828e-01 2.899442333728075027e-03 9.999928474426269531e-01 2.472457243129611015e-03 -4.824676990509033203e+00 -3.757757600396871567e-03 -2.434986410662531853e-03 9.999909400939941406e-01 2.691372985839843750e+02
9.999929070472717285e-01 -1.938042347319424152e-03 4.396009724587202072e-03 -3.166034817695617676e-01 1.927550532855093479e-03 9.999953508377075195e-01 2.390469657257199287e-03 -4.866049766540527344e+00 -4.400346428155899048e-03 -2.352934563532471657e-03 9.999884366989135742e-01 2.706766662597656250e+02
9.999893903732299805e-01 -4.661370767280459404e-04 5.479823332279920578e-03 -3.155952692031860352e-01 4.509676655288785696e-04 9.999960660934448242e-01 2.770955907180905342e-03 -4.906585216522216797e+00 -5.480853375047445297e-03 -2.743175020441412926e-03 9.999821782112121582e-01 2.722181091308593750e+02
9.999830126762390137e-01 1.232935930602252483e-03 6.440227851271629333e-03 -3.140410780906677246e-01 -1.248083659447729588e-03 9.999964237213134766e-01 2.351182745769619942e-03 -4.950215816497802734e+00 -6.437102798372507095e-03 -2.335459692403674126e-03 9.999774694442749023e-01 2.737644958496093750e+02
9.999742507934570312e-01 2.424597041681408882e-03 7.402671035379171371e-03 -3.112318515777587891e-01 -2.441378543153405190e-03 9.999942779541015625e-01 2.261702902615070343e-03 -4.987622261047363281e+00 -7.396960631012916565e-03 -2.260122215375304222e-03 9.999710917472839355e-01 2.753067932128906250e+02
9.999659657478332520e-01 3.182740649208426476e-03 8.193181827664375305e-03 -3.114214539527893066e-01 -3.198375459760427475e-03 9.999928474426269531e-01 1.899047987535595894e-03 -5.039831638336181641e+00 -8.186883293092250824e-03 -1.911471248604357243e-03 9.999654293060302734e-01 2.768530578613281250e+02
9.999576210975646973e-01 3.540255594998598099e-03 9.029659442603588104e-03 -3.062033355236053467e-01 -3.552048467099666595e-03 9.999925494194030762e-01 1.293329987674951553e-03 -5.082750320434570312e+00 -9.024806320667266846e-03 -1.313037122599780560e-03 9.999591112136840820e-01 2.783947753906250000e+02
9.999508261680603027e-01 3.002336947247385979e-03 9.935457259416580200e-03 -3.011298775672912598e-01 -3.010745625942945480e-03 9.999948143959045410e-01 8.339564665220677853e-04 -5.134130954742431641e+00 -9.932686574757099152e-03 -8.516341913491487503e-04 9.999510049819946289e-01 2.799447326660156250e+02
9.999437332153320312e-01 2.412089845165610313e-03 1.077458355575799942e-02 -2.897542417049407959e-01 -2.422954654321074486e-03 9.999961256980895996e-01 9.974229615181684494e-04 -5.172033309936523438e+00 -1.077191531658172607e-02 -1.012466964311897755e-03 9.999423027038574219e-01 2.814954223632812500e+02
9.999371767044067383e-01 1.490618335083127022e-03 1.152161695063114166e-02 -2.764906287193298340e-01 -1.517329015769064426e-03 9.999957680702209473e-01 2.311415504664182663e-03 -5.210032463073730469e+00 -1.151788234710693359e-02 -2.321965992450714111e-03 9.999316334724426270e-01 2.830494079589843750e+02
9.999342560768127441e-01 6.994661816861480474e-05 1.186445821076631546e-02 -2.599237561225891113e-01 -1.023949516820721328e-04 9.999958276748657227e-01 2.735206624493002892e-03 -5.241685390472412109e+00 -1.186397392302751541e-02 -2.728598425164818764e-03 9.999266266822814941e-01 2.846000671386718750e+02
9.999334216117858887e-01 -5.783116794191300869e-04 1.192684751003980637e-02 -2.447301000356674194e-01 5.738190957345068455e-04 9.999993443489074707e-01 3.807067987509071827e-04 -5.277593135833740234e+00 -1.192681584507226944e-02 -3.631969448179006577e-04 9.999294877052307129e-01 2.861448974609375000e+02
9.999365806579589844e-01 -1.492305425927042961e-03 1.157241500914096832e-02 -2.301587313413619995e-01 1.517677912488579750e-03 9.999960660934448242e-01 -2.183826873078942299e-03 -5.316239833831787109e+00 -1.156886108219623566e-02 2.207166748121380806e-03 9.999313950538635254e-01 2.876994018554687500e+02
9.999465942382812500e-01 -1.171821728348731995e-03 1.072951871901750565e-02 -2.170808315277099609e-01 1.198570011183619499e-03 9.999958276748657227e-01 -2.486473647877573967e-03 -5.355144500732421875e+00 -1.072631776332855225e-02 2.503653755411505699e-03 9.999400377273559570e-01 2.892531433105468750e+02
9.999505281448364258e-01 -2.783404430374503136e-03 1.002140529453754425e-02 -2.045254558324813843e-01 2.801645081490278244e-03 9.999940395355224609e-01 -1.806977787055075169e-03 -5.390471458435058594e+00 -1.001608371734619141e-02 1.840137294493615627e-03 9.999487996101379395e-01 2.908098449707031250e+02
9.999604225158691406e-01 -2.681802725419402122e-03 9.007902815937995911e-03 -1.926931589841842651e-01 2.703701378777623177e-03 9.999930262565612793e-01 -2.419990487396717072e-03 -5.424874305725097656e+00 -9.001119062304496765e-03 2.447366947308182716e-03 9.999570250511169434e-01 2.923687133789062500e+02
9.999660849571228027e-01 -2.412048866972327232e-03 8.447262458503246307e-03 -1.828272938728332520e-01 2.434857655316591263e-03 9.999930858612060547e-01 -2.691083587706089020e-03 -5.462574005126953125e+00 -8.440490812063217163e-03 2.715963171795010567e-03 9.999613165855407715e-01 2.939311218261718750e+02
9.999719858169555664e-01 -2.373501425608992577e-03 7.737591397017240524e-03 -1.753106415271759033e-01 2.390461508184671402e-03 9.999943971633911133e-01 -2.183538628742098808e-03 -5.502140522003173828e+00 -7.732151541858911514e-03 2.206028904765844345e-03 9.999682903289794922e-01 2.955002136230468750e+02
9.999771118164062500e-01 -2.819628454744815826e-03 6.887232419103384018e-03 -1.681705117225646973e-01 2.832603640854358673e-03 9.999939203262329102e-01 -1.875368063338100910e-03 -5.542650222778320312e+00 -6.881696637719869614e-03 1.898188493214547634e-03 9.999750852584838867e-01 2.970717773437500000e+02
9.999817013740539551e-01 -3.466856898739933968e-03 5.851396825164556503e-03 -1.571659743785858154e-01 3.473326098173856735e-03 9.999930262565612793e-01 -1.096973428502678871e-03 -5.573204994201660156e+00 -5.847348365932703018e-03 1.121842418797314167e-03 9.999827742576599121e-01 2.986496887207031250e+02
9.999890923500061035e-01 -1.884760335087776184e-03 5.291503388434648514e-03 -1.498297005891799927e-01 1.882320968434214592e-03 9.999977946281433105e-01 4.661455750465393066e-04 -5.605658054351806641e+00 -5.292180925607681274e-03 -4.543319519143551588e-04 9.999862909317016602e-01 3.002361755371093750e+02
9.999864697456359863e-01 -1.358144450932741165e-03 5.923170596361160278e-03 -1.436562836170196533e-01 1.352014136500656605e-03 9.999982118606567383e-01 1.039547845721244812e-03 -5.638052463531494141e+00 -5.924382712692022324e-03 -1.030922168865799904e-03 9.999823570251464844e-01 3.018205871582031250e+02
9.999808669090270996e-01 -7.817422156222164631e-04 6.894890218973159790e-03 -1.362304240465164185e-01 7.782492903061211109e-04 9.999992251396179199e-01 5.102716968394815922e-04 -5.674041271209716797e+00 -6.895091850310564041e-03 -5.060108378529548645e-04 9.999765753746032715e-01 3.034124755859375000e+02
9.999763369560241699e-01 -2.066183835268020630e-03 7.276411168277263641e-03 -1.245793178677558899e-01 2.065788023173809052e-03 9.999974966049194336e-01 6.192475848365575075e-05 -5.704922199249267578e+00 -7.276334334164857864e-03 -5.105728996568359435e-05 9.999740123748779297e-01 3.050089721679687500e+02
9.999699592590332031e-01 -3.784328233450651169e-03 7.453090045601129532e-03 -1.113073080778121948e-01 3.790445625782012939e-03 9.999921917915344238e-01 -8.078649989329278469e-04 -5.740557670593261719e+00 -7.449780590832233429e-03 8.353505400009453297e-04 9.999723434448242188e-01 3.066080627441406250e+02
9.999601244926452637e-01 -5.428705830127000809e-03 7.758286315947771072e-03 -1.009901165962219238e-01 5.450092256069183350e-03 9.999812245368957520e-01 -2.740134019404649734e-03 -5.775932788848876953e+00 -7.743090856820344925e-03 2.777911024168133736e-03 9.999666810035705566e-01 3.082110900878906250e+02
9.999586939811706543e-01 -5.687355063855648041e-03 7.763514760881662369e-03 -9.649924933910369873e-02 5.716395098716020584e-03 9.999766349792480469e-01 -3.725642804056406021e-03 -5.821099758148193359e+00 -7.741974666714668274e-03 3.768473630771040916e-03 9.999635219573974609e-01 3.098183898925781250e+02
9.999759197235107422e-01 -5.147121846675872803e-03 5.644411779940128326e-03 -9.324872493743896484e-02 5.173334851861000061e-03 9.999757409095764160e-01 -4.641737788915634155e-03 -5.863039970397949219e+00 -5.620247684419155121e-03 4.667796194553375244e-03 9.999738931655883789e-01 3.114325866699218750e+02
9.999901056289672852e-01 -4.221339244395494461e-03 3.496673656627535820e-03 -9.658369421958923340e-02 4.236116539686918259e-03 9.999821186065673828e-01 -4.231976345181465149e-03 -5.907759666442871094e+00 -3.478614147752523422e-03 4.243428818881511688e-03 9.999855160713195801e-01 3.130439453125000000e+02
9.999973773956298828e-01 -2.484782366082072258e-03 3.084131283685564995e-03 -1.065224260091781616e-01 2.488122787326574326e-03 9.999963641166687012e-01 -1.079630805179476738e-03 -5.952023506164550781e+00 -3.081303555518388748e-03 1.082369592040777206e-03 9.999952316284179688e-01 3.146676635742187500e+02
9.999919533729553223e-01 -3.716981736943125725e-03 3.583987010642886162e-03 -1.079804971814155579e-01 3.709081793203949928e-03 9.999908208847045898e-01 2.206635428592562675e-03 -5.990682125091552734e+00 -3.592039225623011589e-03 -2.199316397309303284e-03 9.999916553497314453e-01 3.162947082519531250e+02
9.999867677688598633e-01 -4.767119884490966797e-03 3.790251910686492920e-03 -1.086689159274101257e-01 4.755553323775529861e-03 9.999841451644897461e-01 3.051858628168702126e-03 -6.032420635223388672e+00 -3.804637817665934563e-03 -3.040767740458250046e-03 9.999887347221374512e-01 3.179235839843750000e+02
9.999778270721435547e-01 -6.194851361215114594e-03 4.072389099746942520e-03 -1.058412566781044006e-01 6.187784019857645035e-03 9.999794363975524902e-01 1.741234213113784790e-03 -6.068357467651367188e+00 -4.083010368049144745e-03 -1.722884364426136017e-03 9.999907612800598145e-01 3.195520019531250000e+02
9.999713897705078125e-01 -6.964899133890867233e-03 4.412170499563217163e-03 -1.039691939949989319e-01 6.957083474844694138e-03 9.999743103981018066e-01 1.779043115675449371e-03 -6.106840610504150391e+00 -4.424383398145437241e-03 -1.758564379997551441e-03 9.999892115592956543e-01 3.211818542480468750e+02
9.999713301658630371e-01 -6.841217167675495148e-03 4.609299357980489731e-03 -1.009173318743705750e-01 6.831117440015077591e-03 9.999743700027465820e-01 2.198325237259268761e-03 -6.143398761749267578e+00 -4.624113440513610840e-03 -2.173955552279949188e-03 9.999875426292419434e-01 3.228133544921875000e+02
9.999679923057556152e-01 -6.976191885769367218e-03 5.098744295537471771e-03 -9.883054345846176147e-02 6.966057233512401581e-03 9.999737739562988281e-01 1.998029183596372604e-03 -6.185277938842773438e+00 -5.112478043884038925e-03 -1.971544930711388588e-03 9.999855160713195801e-01 3.244391784667968750e+02
9.999744296073913574e-01 -5.531887989491224289e-03 5.582570564001798630e-03 -9.648368507623672485e-02 5.524164065718650818e-03 9.999837279319763184e-01 1.395071041770279408e-03 -6.224083423614501953e+00 -5.590135231614112854e-03 -1.376425963826477528e-03 9.999840855598449707e-01 3.260677185058593750e+02
9.999744296073913574e-01 -4.739938303828239441e-03 6.254839710891246796e-03 -9.410990029573440552e-02 4.736034199595451355e-03 9.999886751174926758e-01 6.369914626702666283e-04 -6.268813133239746094e+00 -6.257720291614532471e-03 -6.217333138920366764e-04 9.999808073043823242e-01 3.276971130371093750e+02
9.999629855155944824e-01 -5.867244675755500793e-03 7.096060086041688919e-03 -8.496907353401184082e-02 5.850071553140878677e-03 9.999799132347106934e-01 2.435874892398715019e-03 -6.305422782897949219e+00 -7.110129110515117645e-03 -2.408557571470737457e-03 9.999725222587585449e-01 3.293237304687500000e+02
9.999564290046691895e-01 -6.766814738512039185e-03 7.224078755825757980e-03 -7.442680746316909790e-02 6.741285789757966995e-03 9.999709725379943848e-01 3.549356944859027863e-03 -6.342107295989990234e+00 -7.247851230204105377e-03 -3.516783239319920540e-03 9.999681115150451660e-01 3.309503784179687500e+02
9.999495148658752441e-01 -7.988581433892250061e-03 6.922620814293622971e-03 -6.421184539794921875e-02 7.974264211952686310e-03 9.999660849571228027e-01 2.089086687192320824e-03 -6.372237682342529297e+00 -6.939082872122526169e-03 -2.049317350611090660e-03 9.999745488166809082e-01 3.325690002441406250e+02
9.999555945396423340e-01 -7.183858193457126617e-03 6.934748496860265732e-03 -5.844845622777938843e-02 7.168786134570837021e-03 9.999719858169555664e-01 2.191938459873199463e-03 -6.413490295410156250e+00 -6.950292270630598068e-03 -2.161412499845027924e-03 9.999742507934570312e-01 3.341889343261718750e+02
9.999706149101257324e-01 -4.787459503859281540e-03 6.833335384726524353e-03 -5.434920638799667358e-02 4.781861789524555206e-03 9.999881982803344727e-01 8.332617580890655518e-04 -6.450773239135742188e+00 -6.837168708443641663e-03 -8.170361979864537716e-04 9.999769330024719238e-01 3.358019714355468750e+02
9.999805092811584473e-01 -3.571978304535150528e-03 6.109315436333417892e-03 -4.949714243412017822e-02 3.593299305066466331e-03 9.999874830245971680e-01 -3.483707318082451820e-03 -6.492543697357177734e+00 -6.096693687140941620e-03 3.490899456664919853e-03 9.999760389328002930e-01 3.374092407226562500e+02
9.999898672103881836e-01 -1.994193764403462410e-03 5.234132055193185806e-03 -4.548007994890213013e-02 2.006555208936333656e-03 9.999951124191284180e-01 -2.357178134843707085e-03 -6.532179832458496094e+00 -5.229290109127759933e-03 2.348720096051692963e-03 9.999842047691345215e-01 3.390206298828125000e+02
9.999949932098388672e-01 -1.462308573536574841e-03 4.362291656434535980e-03 -4.256969317793846130e-02 1.457668142393231392e-03 9.999982714653015137e-01 1.067782752215862274e-03 -6.571388244628906250e+00 -4.363721236586570740e-03 -1.079843030311167240e-03 9.999905824661254883e-01 3.406282043457031250e+02
1.000000119209289551e+00 -2.826650161296129227e-04 3.299427684396505356e-03 -3.930263593792915344e-02 2.684418286662548780e-04 9.999905824661254883e-01 4.313594195991754532e-03 -6.601802349090576172e+00 -3.300478449091315269e-03 -4.335782025009393692e-03 9.999858736991882324e-01 3.422456970214843750e+02
1.000003337860107422e+00 2.062433923128992319e-04 2.091694623231887817e-03 -3.680970519781112671e-02 -2.126222680089995265e-04 9.999952316284179688e-01 3.056047717109322548e-03 -6.628910064697265625e+00 -2.090912079438567162e-03 -3.077659057453274727e-03 9.999936819076538086e-01 3.438522949218750000e+02
1.000005483627319336e+00 -4.441126366145908833e-04 2.716414164751768112e-04 -3.514623269438743591e-02 4.438452888280153275e-04 9.999992251396179199e-01 1.017495291307568550e-03 -6.652773857116699219e+00 -2.719748881645500660e-04 -1.040524803102016449e-03 1.000000000000000000e+00 3.454520263671875000e+02
1.000003218650817871e+00 -1.439665677025914192e-03 -1.625830889679491520e-03 -3.454755991697311401e-02 1.443863962776958942e-03 9.999954104423522949e-01 2.581644803285598755e-03 -6.677635669708251953e+00 1.622194773517549038e-03 -2.606091788038611412e-03 9.999958276748657227e-01 3.470548706054687500e+02
9.999974966049194336e-01 -3.062623087316751480e-03 -2.625520573928952217e-03 -3.707144409418106079e-02 3.071657381951808929e-03 9.999890327453613281e-01 3.446063958108425140e-03 -6.708143711090087891e+00 2.614982658997178078e-03 -3.477017395198345184e-03 9.999909400939941406e-01 3.486545715332031250e+02
9.999953508377075195e-01 -3.342005889862775803e-03 -3.057545283809304237e-03 -4.156306758522987366e-02 3.349617589265108109e-03 9.999910593032836914e-01 2.490206388756632805e-03 -6.737230777740478516e+00 3.049224847927689552e-03 -2.524517476558685303e-03 9.999926686286926270e-01 3.502526855468750000e+02
9.999923110008239746e-01 -4.006292670965194702e-03 -3.273701528087258339e-03 -5.261005088686943054e-02 4.011499229818582535e-03 9.999904632568359375e-01 1.588787534274160862e-03 -6.773050785064697266e+00 3.267294727265834808e-03 -1.629631849937140942e-03 9.999938011169433594e-01 3.518473205566406250e+02
9.999921321868896484e-01 -4.071371164172887802e-03 -3.294322872534394264e-03 -6.277076154947280884e-02 4.076797515153884888e-03 9.999901652336120605e-01 1.645915559493005276e-03 -6.805854320526123047e+00 3.287573112174868584e-03 -1.685500843450427055e-03 9.999936223030090332e-01 3.534459228515625000e+02
9.999902248382568359e-01 -4.565950483083724976e-03 -3.263350808992981911e-03 -7.506614923477172852e-02 4.570753779262304306e-03 9.999881982803344727e-01 1.470623654313385487e-03 -6.843555927276611328e+00 3.256576834246516228e-03 -1.513279508799314499e-03 9.999939799308776855e-01 3.550373535156250000e+02
9.999868869781494141e-01 -5.215859040617942810e-03 -3.293634857982397079e-03 -8.570379018783569336e-02 5.218726117163896561e-03 9.999858140945434570e-01 8.679497987031936646e-04 -6.882543563842773438e+00 3.289031097665429115e-03 -9.114858694374561310e-04 9.999945759773254395e-01 3.566302185058593750e+02
9.999856352806091309e-01 -5.401768255978822708e-03 -3.418040461838245392e-03 -9.730029106140136719e-02 5.402485840022563934e-03 9.999852180480957031e-01 2.062431012745946646e-04 -6.921753883361816406e+00 3.416850697249174118e-03 -2.485523000359535217e-04 9.999943971633911133e-01 3.582211914062500000e+02
9.999830126762390137e-01 -5.897337570786476135e-03 -3.345812903717160225e-03 -1.091018915176391602e-01 5.899231880903244019e-03 9.999822378158569336e-01 5.628568469546735287e-04 -6.958706378936767578e+00 3.342399373650550842e-03 -6.068397196941077709e-04 9.999946355819702148e-01 3.598119201660156250e+02
9.999856948852539062e-01 -5.468775052577257156e-03 -3.269808134064078331e-03 -1.223020330071449280e-01 5.467346869409084320e-03 9.999847412109375000e-01 -4.395145224407315254e-04 -6.995926856994628906e+00 3.272142494097352028e-03 3.986210213042795658e-04 9.999949932098388672e-01 3.614031372070312500e+02
9.999765753746032715e-01 -6.991030648350715637e-03 -3.199426922947168350e-03 -1.322213858366012573e-01 6.985705345869064331e-03 9.999740719795227051e-01 -1.663805567659437656e-03 -7.034008979797363281e+00 3.210918512195348740e-03 1.622922369278967381e-03 9.999940395355224609e-01 3.629884643554687500e+02
9.999665617942810059e-01 -8.343914523720741272e-03 -3.084205323830246925e-03 -1.419960558414459229e-01 8.343352936208248138e-03 9.999650120735168457e-01 -1.830936089390888810e-04 -7.072708606719970703e+00 3.085565287619829178e-03 1.395183207932859659e-04 9.999957084655761719e-01 3.645861206054687500e+02
9.999509453773498535e-01 -1.000724639743566513e-02 -3.215717850252985954e-03 -1.553009301424026489e-01 1.001035794615745544e-02 9.999492764472961426e-01 9.681212832219898701e-04 -7.112389087677001953e+00 3.205794142559170723e-03 -1.018626498989760876e-03 9.999949336051940918e-01 3.661832580566406250e+02
9.999454617500305176e-01 -1.055767014622688293e-02 -3.163139801472425461e-03 -1.668626368045806885e-01 1.055852975696325302e-02 9.999440908432006836e-01 2.692127600312232971e-04 -7.146875381469726562e+00 3.160021966323256493e-03 -3.187149704899638891e-04 9.999956488609313965e-01 3.677805786132812500e+02
9.999576807022094727e-01 -9.444551542401313782e-03 -2.786109456792473793e-03 -1.858923882246017456e-01 9.442863054573535919e-03 9.999550580978393555e-01 -6.033191457390785217e-04 -7.188282012939453125e+00 2.791608916595578194e-03 5.576754338108003139e-04 9.999964833259582520e-01 3.693861083984375000e+02
9.999759197235107422e-01 -7.434986066073179245e-03 -2.307499293237924576e-03 -2.029198706150054932e-01 7.436485495418310165e-03 9.999719858169555664e-01 6.546544609591364861e-04 -7.225072383880615234e+00 2.302512759342789650e-03 -6.902259192429482937e-04 9.999976158142089844e-01 3.709748229980468750e+02
9.999860525131225586e-01 -6.100149359554052353e-03 -1.805556239560246468e-03 -2.229996025562286377e-01 6.101856939494609833e-03 9.999807476997375488e-01 9.540651226416230202e-04 -7.268831729888916016e+00 1.799666672013700008e-03 -9.850678034126758575e-04 9.999984502792358398e-01 3.726149291992187500e+02
9.999889731407165527e-01 -5.698466207832098007e-03 -1.435345970094203949e-03 -2.378150373697280884e-01 5.699461326003074646e-03 9.999833703041076660e-01 7.046645623631775379e-04 -7.306800365447998047e+00 1.431266893632709980e-03 -7.357638096436858177e-04 9.999993443489074707e-01 3.742248840332031250e+02
9.999882578849792480e-01 -5.879463627934455872e-03 -1.199989579617977142e-03 -2.519910633563995361e-01 5.879334174096584320e-03 9.999825358390808105e-01 -9.210936696035787463e-05 -7.344928264617919922e+00 1.200489117763936520e-03 6.397682591341435909e-05 1.000000000000000000e+00 3.757806396484375000e+02
9.999895095825195312e-01 -5.717981141060590744e-03 -9.178879554383456707e-04 -2.625896632671356201e-01 5.717652849853038788e-03 9.999834299087524414e-01 -3.368098696228116751e-04 -7.379327774047851562e+00 9.197874460369348526e-04 3.088271187152713537e-04 1.000000238418579102e+00 3.773868713378906250e+02
9.999918341636657715e-01 -5.335858091711997986e-03 -6.929452647455036640e-04 -2.704031169414520264e-01 5.335569847375154495e-03 9.999854564666748047e-01 -3.900558513123542070e-04 -7.414409637451171875e+00 6.950129172764718533e-04 3.635586181189864874e-04 1.000000596046447754e+00 3.789924316406250000e+02
9.999974966049194336e-01 -4.183326382189989090e-03 -3.813742951024323702e-04 -2.783604562282562256e-01 4.183211363852024078e-03 9.999909400939941406e-01 -2.705812512431293726e-04 -7.448403358459472656e+00 3.825325693469494581e-04 2.490143233444541693e-04 1.000000715255737305e+00 3.806066284179687500e+02
1.000002145767211914e+00 -2.891376148909330368e-03 -5.687479279004037380e-05 -2.877945899963378906e-01 2.891397569328546524e-03 9.999955296516418457e-01 4.518804780673235655e-04 -7.485049724578857422e+00 5.560899080592207611e-05 -4.705295432358980179e-04 1.000000715255737305e+00 3.822198181152343750e+02
1.000004768371582031e+00 -1.738510560244321823e-03 2.114385861204937100e-04 -2.960888445377349854e-01 1.738547929562628269e-03 9.999983906745910645e-01 -1.625913428142666817e-04 -7.522071838378906250e+00 -2.111055073328316212e-04 1.404245558660477400e-04 1.000000834465026855e+00 3.838403930664062500e+02
1.000005960464477539e+00 -8.743834332562983036e-04 4.812848637811839581e-04 -3.039675056934356689e-01 8.747522369958460331e-04 9.999991059303283691e-01 -7.476661121472716331e-04 -7.558701515197753906e+00 -4.805558710359036922e-04 7.272086804732680321e-04 1.000000476837158203e+00 3.854508056640625000e+02
1.000006079673767090e+00 -1.279475982300937176e-04 8.073694189079105854e-04 -3.110197186470031738e-01 1.284882309846580029e-04 9.999997019767761230e-01 -6.525028729811310768e-04 -7.596739768981933594e+00 -8.071944466792047024e-04 6.328185554593801498e-04 1.000000238418579102e+00 3.870673828125000000e+02
1.000005125999450684e+00 1.116555766202509403e-03 1.060910872183740139e-03 -3.164561688899993896e-01 -1.116816885769367218e-03 9.999992847442626953e-01 2.659728052094578743e-04 -7.631589412689208984e+00 -1.060497015714645386e-03 -2.857359068002551794e-04 1.000000119209289551e+00 3.886852416992187500e+02
1.000002741813659668e+00 2.241258276626467705e-03 1.452389289624989033e-03 -3.206605613231658936e-01 -2.242657821625471115e-03 9.999970793724060059e-01 9.825575398281216621e-04 -7.664419651031494141e+00 -1.450043171644210815e-03 -1.004876568913459778e-03 9.999992251396179199e-01 3.903054504394531250e+02
1.000000476837158203e+00 2.903391607105731964e-03 1.839554752223193645e-03 -3.238027095794677734e-01 -2.903941087424755096e-03 9.999957084655761719e-01 3.144641523249447346e-04 -7.696185588836669922e+00 -1.838475349359214306e-03 -3.372529463376849890e-04 9.999989867210388184e-01 3.919354248046875000e+02
